New Polygonal Mesh
Cell0Ds: 
Id; X; Y; Z;
0; 0; 0; 0
1; 1; 0; 0
2; 1; 1; 0
3; 0; 1; 0
4; 0.8; 0; 0
5; 0.8; 1; 0
6; 0.8; 0.5; 0
7; 0; 0.5; 0
Cell0Ds: 
Id; IdVert1; IdVert2
1; 1; 2
4; 0; 4
5; 4; 1
6; 2; 5
7; 5; 3
9; 4; 6
10; 6; 5
11; 3; 7
12; 7; 0
13; 7; 6
# Cell2dId; NumCell0d
3; 4
# Cell0dId; X; Y; Z;
0; 0.0000000000000000e+00; 0.0000000000000000e+00; 0.0000000000000000e+00; 
4; 8.0000000000000004e-01; 0.0000000000000000e+00; 0.0000000000000000e+00; 
6; 8.0000000000000004e-01; 5.0000000000000000e-01; 0.0000000000000000e+00; 
7; 0.0000000000000000e+00; 5.0000000000000000e-01; 0.0000000000000000e+00; 
# Cell1ds; IdCell0ds; IdCell0ds;
4; 0; 4; 
9; 4; 6; 
13; 7; 6; 
12; 7; 0; 
# Cell2dId; NumCell0d
4; 4
# Cell0dId; X; Y; Z;
6; 8.0000000000000004e-01; 5.0000000000000000e-01; 0.0000000000000000e+00; 
5; 8.0000000000000004e-01; 1.0000000000000000e+00; 0.0000000000000000e+00; 
3; 0.0000000000000000e+00; 1.0000000000000000e+00; 0.0000000000000000e+00; 
7; 0.0000000000000000e+00; 5.0000000000000000e-01; 0.0000000000000000e+00; 
# Cell1ds; IdCell0ds; IdCell0ds;
10; 6; 5; 
7; 5; 3; 
11; 3; 7; 
13; 7; 6; 
# Cell2dId; NumCell0d
5; 5
# Cell0dId; X; Y; Z;
4; 8.0000000000000004e-01; 0.0000000000000000e+00; 0.0000000000000000e+00; 
1; 1.0000000000000000e+00; 0.0000000000000000e+00; 0.0000000000000000e+00; 
2; 1.0000000000000000e+00; 1.0000000000000000e+00; 0.0000000000000000e+00; 
5; 8.0000000000000004e-01; 1.0000000000000000e+00; 0.0000000000000000e+00; 
6; 8.0000000000000004e-01; 5.0000000000000000e-01; 0.0000000000000000e+00; 
# Cell1ds; IdCell0ds; IdCell0ds;
5; 4; 1; 
1; 1; 2; 
6; 2; 5; 
10; 6; 5; 
9; 4; 6; 
Number of cell 0d: 8
Number of cell 1d: 10
Number of cell 2d: 3

New Polygonal Mesh
Cell0Ds: 
Id; X; Y; Z;
0; 8.0000000000000004e-01; 0.0000000000000000e+00; -1.0000000000000001e-01
1; 8.0000000000000004e-01; 0.0000000000000000e+00; 2.9999999999999999e-01
2; 8.0000000000000004e-01; 1.0000000000000000e+00; 2.9999999999999999e-01
3; 8.0000000000000004e-01; 1.0000000000000000e+00; -1.0000000000000001e-01
4; 8.0000000000000004e-01; 0.0000000000000000e+00; 8.3266726846886741e-17
5; 8.0000000000000004e-01; 1.0000000000000000e+00; -2.7755575615628914e-17
Cell0Ds: 
Id; IdVert1; IdVert2
1; 1; 2
3; 3; 0
4; 0; 4
5; 4; 1
6; 2; 5
7; 5; 3
8; 5; 4
# Cell2dId; NumCell0d
1; 4
# Cell0dId; X; Y; Z;
0; 8.0000000000000004e-01; 0.0000000000000000e+00; -1.0000000000000001e-01; 
4; 8.0000000000000004e-01; 0.0000000000000000e+00; 8.3266726846886741e-17; 
5; 8.0000000000000004e-01; 1.0000000000000000e+00; -2.7755575615628914e-17; 
3; 8.0000000000000004e-01; 1.0000000000000000e+00; -1.0000000000000001e-01; 
# Cell1ds; IdCell0ds; IdCell0ds;
4; 0; 4; 
8; 5; 4; 
7; 5; 3; 
3; 3; 0; 
# Cell2dId; NumCell0d
2; 4
# Cell0dId; X; Y; Z;
4; 8.0000000000000004e-01; 0.0000000000000000e+00; 8.3266726846886741e-17; 
1; 8.0000000000000004e-01; 0.0000000000000000e+00; 2.9999999999999999e-01; 
2; 8.0000000000000004e-01; 1.0000000000000000e+00; 2.9999999999999999e-01; 
5; 8.0000000000000004e-01; 1.0000000000000000e+00; -2.7755575615628914e-17; 
# Cell1ds; IdCell0ds; IdCell0ds;
5; 4; 1; 
1; 1; 2; 
6; 2; 5; 
8; 5; 4; 
Number of cell 0d: 6
Number of cell 1d: 7
Number of cell 2d: 2

New Polygonal Mesh
Cell0Ds: 
Id; X; Y; Z;
0; -2.3777799999999999e-01; 5.0000000000000000e-01; -3.4444000000000002e-01
1; 3.1618370000000001e-01; 5.0000000000000000e-01; -3.4444000000000002e-01
2; 3.1618370000000001e-01; 5.0000000000000000e-01; 4.5283889999999999e-01
3; -2.3777799999999999e-01; 5.0000000000000000e-01; 4.5283889999999999e-01
4; 3.1618370000000001e-01; 5.0000000000000000e-01; 2.7755575615628914e-17
5; -2.3777799999999999e-01; 5.0000000000000000e-01; 2.7755575615628914e-17
Cell0Ds: 
Id; IdVert1; IdVert2
0; 0; 1
2; 2; 3
4; 1; 4
5; 4; 2
6; 3; 5
7; 5; 0
8; 5; 4
# Cell2dId; NumCell0d
1; 4
# Cell0dId; X; Y; Z;
0; -2.3777799999999999e-01; 5.0000000000000000e-01; -3.4444000000000002e-01; 
1; 3.1618370000000001e-01; 5.0000000000000000e-01; -3.4444000000000002e-01; 
4; 3.1618370000000001e-01; 5.0000000000000000e-01; 2.7755575615628914e-17; 
5; -2.3777799999999999e-01; 5.0000000000000000e-01; 2.7755575615628914e-17; 
# Cell1ds; IdCell0ds; IdCell0ds;
0; 0; 1; 
4; 1; 4; 
8; 5; 4; 
7; 5; 0; 
# Cell2dId; NumCell0d
2; 4
# Cell0dId; X; Y; Z;
4; 3.1618370000000001e-01; 5.0000000000000000e-01; 2.7755575615628914e-17; 
2; 3.1618370000000001e-01; 5.0000000000000000e-01; 4.5283889999999999e-01; 
3; -2.3777799999999999e-01; 5.0000000000000000e-01; 4.5283889999999999e-01; 
5; -2.3777799999999999e-01; 5.0000000000000000e-01; 2.7755575615628914e-17; 
# Cell1ds; IdCell0ds; IdCell0ds;
5; 4; 2; 
2; 2; 3; 
6; 3; 5; 
8; 5; 4; 
Number of cell 0d: 6
Number of cell 1d: 7
Number of cell 2d: 2

