New Polygonal Mesh
Obtained from fracture 0
Cell0Ds: 
Id; X; Y; Z;
0; 0.679497; 0.515669; 0.190545
1; 0.209594; 0.993894; 0.190545
2; 0.0770272; 0.863634; 0.597042
3; 0.54693; 0.385409; 0.597042
4; 0.422841; 0.77687; 0.190545
5; 0.554138; 0.392492; 0.574938
6; 0.160363; 0.945519; 0.341506
7; 0.492678; 0.440621; 0.597042
8; 0.436999; 0.735424; 0.231993
9; 0.594717; 0.432365; 0.450509
10; 0.407083; 0.792907; 0.190545
11; 0.329511; 0.606678; 0.597042
12; 0.364069; 0.636022; 0.498147
13; 0.446922; 0.706373; 0.261045
14; 0.450525; 0.709432; 0.250734
15; 0.247976; 0.689657; 0.597042
16; 0.241961; 0.821544; 0.404251
17; 0.235293; 0.967739; 0.190545
18; 0.431609; 0.74578; 0.224526
19; 0.433893; 0.744516; 0.2229
20; 0.240595; 0.851491; 0.360475
21; 0.479352; 0.719358; 0.190545
22; 0.4272; 0.507259; 0.597042
23; 0.352669; 0.626342; 0.530771
Cell1Ds: 
Id; IdVert1; IdVert2
6; 3; 5
9; 1; 6
10; 6; 2
12; 7; 3
16; 5; 9
17; 9; 0
19; 4; 10
24; 7; 12
27; 5; 13
28; 13; 8
29; 12; 13
30; 9; 14
31; 14; 8
32; 13; 14
33; 2; 15
34; 15; 11
35; 12; 16
36; 16; 6
37; 16; 15
38; 10; 17
39; 17; 1
41; 10; 18
42; 18; 8
43; 8; 19
44; 19; 4
45; 19; 18
46; 17; 20
47; 20; 16
48; 18; 20
49; 0; 21
50; 21; 4
51; 19; 21
52; 11; 22
53; 22; 7
54; 12; 23
55; 23; 11
56; 23; 22
# Cell2dId; NumCell0d
12; 5
# Cell0dId; X; Y; Z;
12; 3.6406877365289159e-01; 6.3602167408341159e-01; 4.9814684870238923e-01; 
7; 4.9267836198218679e-01; 4.4062101070294668e-01; 5.9704177318758545e-01; 
3; 5.4692960382582068e-01; 3.8540894499571632e-01; 5.9704177318758545e-01; 
5; 5.5413802687120994e-01; 3.9249192399563859e-01; 5.7493823442780523e-01; 
13; 4.4692175587922606e-01; 7.0637286144857359e-01; 2.6104493502892895e-01; 
# Cell1ds; IdCell0ds; IdCell0ds;
24; 7; 12; 
12; 7; 3; 
6; 3; 5; 
27; 5; 13; 
29; 12; 13; 
# Cell2dId; NumCell0d
13; 3
# Cell0dId; X; Y; Z;
8; 4.3699853418291018e-01; 7.3542358387880802e-01; 2.3199306845957235e-01; 
13; 4.4692175587922606e-01; 7.0637286144857359e-01; 2.6104493502892895e-01; 
14; 4.5052494362650020e-01; 7.0943235948363370e-01; 2.5073362592155535e-01; 
# Cell1ds; IdCell0ds; IdCell0ds;
28; 13; 8; 
32; 13; 14; 
31; 14; 8; 
# Cell2dId; NumCell0d
14; 4
# Cell0dId; X; Y; Z;
13; 4.4692175587922606e-01; 7.0637286144857359e-01; 2.6104493502892895e-01; 
5; 5.5413802687120994e-01; 3.9249192399563859e-01; 5.7493823442780523e-01; 
9; 5.9471705550266218e-01; 4.3236477910195215e-01; 4.5050878202999700e-01; 
14; 4.5052494362650020e-01; 7.0943235948363370e-01; 2.5073362592155535e-01; 
# Cell1ds; IdCell0ds; IdCell0ds;
27; 5; 13; 
16; 5; 9; 
30; 9; 14; 
32; 13; 14; 
# Cell2dId; NumCell0d
16; 4
# Cell0dId; X; Y; Z;
6; 1.6036270461720409e-01; 9.4551882387821684e-01; 3.4150614581109739e-01; 
2; 7.7027229455623514e-02; 8.6363358811981283e-01; 5.9704177318758545e-01; 
15; 2.4797594176399801e-01; 6.8965726581293585e-01; 5.9704177318758545e-01; 
16; 2.4196095331615997e-01; 8.2154399327977179e-01; 4.0425148811439254e-01; 
# Cell1ds; IdCell0ds; IdCell0ds;
10; 6; 2; 
33; 2; 15; 
37; 16; 15; 
36; 16; 6; 
# Cell2dId; NumCell0d
20; 4
# Cell0dId; X; Y; Z;
4; 4.2284129691097033e-01; 7.7686959636876263e-01; 1.9054542365205804e-01; 
10; 4.0708278513028817e-01; 7.9290720137679038e-01; 1.9054542365205804e-01; 
18; 4.3160882354145319e-01; 7.4578000398359445e-01; 2.2452573705866224e-01; 
19; 4.3389270318947726e-01; 7.4451605776145224e-01; 2.2290023647722476e-01; 
# Cell1ds; IdCell0ds; IdCell0ds;
19; 4; 10; 
41; 10; 18; 
45; 19; 18; 
44; 19; 4; 
# Cell2dId; NumCell0d
21; 3
# Cell0dId; X; Y; Z;
18; 4.3160882354145319e-01; 7.4578000398359445e-01; 2.2452573705866224e-01; 
8; 4.3699853418291018e-01; 7.3542358387880802e-01; 2.3199306845957235e-01; 
19; 4.3389270318947726e-01; 7.4451605776145224e-01; 2.2290023647722476e-01; 
# Cell1ds; IdCell0ds; IdCell0ds;
42; 18; 8; 
43; 8; 19; 
45; 19; 18; 
# Cell2dId; NumCell0d
22; 4
# Cell0dId; X; Y; Z;
10; 4.0708278513028817e-01; 7.9290720137679038e-01; 1.9054542365205804e-01; 
17; 2.3529339997712187e-01; 9.6773908537714370e-01; 1.9054542365205804e-01; 
20; 2.4059515706148693e-01; 8.5149091669905697e-01; 3.6047546899585897e-01; 
18; 4.3160882354145319e-01; 7.4578000398359445e-01; 2.2452573705866224e-01; 
# Cell1ds; IdCell0ds; IdCell0ds;
38; 10; 17; 
46; 17; 20; 
48; 18; 20; 
41; 10; 18; 
# Cell2dId; NumCell0d
23; 6
# Cell0dId; X; Y; Z;
20; 2.4059515706148693e-01; 8.5149091669905697e-01; 3.6047546899585897e-01; 
16; 2.4196095331615997e-01; 8.2154399327977179e-01; 4.0425148811439254e-01; 
12; 3.6406877365289159e-01; 6.3602167408341159e-01; 4.9814684870238923e-01; 
13; 4.4692175587922606e-01; 7.0637286144857359e-01; 2.6104493502892895e-01; 
8; 4.3699853418291018e-01; 7.3542358387880802e-01; 2.3199306845957235e-01; 
18; 4.3160882354145319e-01; 7.4578000398359445e-01; 2.2452573705866224e-01; 
# Cell1ds; IdCell0ds; IdCell0ds;
47; 20; 16; 
35; 12; 16; 
29; 12; 13; 
28; 13; 8; 
42; 18; 8; 
48; 18; 20; 
# Cell2dId; NumCell0d
24; 6
# Cell0dId; X; Y; Z;
0; 6.7949650570084286e-01; 5.1566886122886846e-01; 1.9054542365205804e-01; 
21; 4.7935223692995677e-01; 7.1935781179987612e-01; 1.9054542365205804e-01; 
19; 4.3389270318947726e-01; 7.4451605776145224e-01; 2.2290023647722476e-01; 
8; 4.3699853418291018e-01; 7.3542358387880802e-01; 2.3199306845957235e-01; 
14; 4.5052494362650020e-01; 7.0943235948363370e-01; 2.5073362592155535e-01; 
9; 5.9471705550266218e-01; 4.3236477910195215e-01; 4.5050878202999700e-01; 
# Cell1ds; IdCell0ds; IdCell0ds;
49; 0; 21; 
51; 19; 21; 
43; 8; 19; 
31; 14; 8; 
30; 9; 14; 
17; 9; 0; 
# Cell2dId; NumCell0d
25; 3
# Cell0dId; X; Y; Z;
21; 4.7935223692995677e-01; 7.1935781179987612e-01; 1.9054542365205804e-01; 
4; 4.2284129691097033e-01; 7.7686959636876263e-01; 1.9054542365205804e-01; 
19; 4.3389270318947726e-01; 7.4451605776145224e-01; 2.2290023647722476e-01; 
# Cell1ds; IdCell0ds; IdCell0ds;
50; 21; 4; 
44; 19; 4; 
51; 19; 21; 
# Cell2dId; NumCell0d
26; 5
# Cell0dId; X; Y; Z;
17; 2.3529339997712187e-01; 9.6773908537714370e-01; 1.9054542365205804e-01; 
1; 2.0959413133064569e-01; 9.9389350435296486e-01; 1.9054542365205804e-01; 
6; 1.6036270461720409e-01; 9.4551882387821684e-01; 3.4150614581109739e-01; 
16; 2.4196095331615997e-01; 8.2154399327977179e-01; 4.0425148811439254e-01; 
20; 2.4059515706148693e-01; 8.5149091669905697e-01; 3.6047546899585897e-01; 
# Cell1ds; IdCell0ds; IdCell0ds;
39; 17; 1; 
9; 1; 6; 
36; 16; 6; 
47; 20; 16; 
46; 17; 20; 
# Cell2dId; NumCell0d
27; 3
# Cell0dId; X; Y; Z;
11; 3.2951089390531951e-01; 6.0667827801321628e-01; 5.9704177318758545e-01; 
22; 4.2720007341802868e-01; 5.0725896124094905e-01; 5.9704177318758545e-01; 
23; 3.5266861703334251e-01; 6.2634170200777550e-01; 5.3077088803133343e-01; 
# Cell1ds; IdCell0ds; IdCell0ds;
52; 11; 22; 
56; 23; 22; 
55; 23; 11; 
# Cell2dId; NumCell0d
28; 4
# Cell0dId; X; Y; Z;
22; 4.2720007341802868e-01; 5.0725896124094905e-01; 5.9704177318758545e-01; 
7; 4.9267836198218679e-01; 4.4062101070294668e-01; 5.9704177318758545e-01; 
12; 3.6406877365289159e-01; 6.3602167408341159e-01; 4.9814684870238923e-01; 
23; 3.5266861703334251e-01; 6.2634170200777550e-01; 5.3077088803133343e-01; 
# Cell1ds; IdCell0ds; IdCell0ds;
53; 22; 7; 
24; 7; 12; 
54; 12; 23; 
56; 23; 22; 
# Cell2dId; NumCell0d
29; 5
# Cell0dId; X; Y; Z;
15; 2.4797594176399801e-01; 6.8965726581293585e-01; 5.9704177318758545e-01; 
11; 3.2951089390531951e-01; 6.0667827801321628e-01; 5.9704177318758545e-01; 
23; 3.5266861703334251e-01; 6.2634170200777550e-01; 5.3077088803133343e-01; 
12; 3.6406877365289159e-01; 6.3602167408341159e-01; 4.9814684870238923e-01; 
16; 2.4196095331615997e-01; 8.2154399327977179e-01; 4.0425148811439254e-01; 
# Cell1ds; IdCell0ds; IdCell0ds;
34; 15; 11; 
55; 23; 11; 
54; 12; 23; 
35; 12; 16; 
37; 16; 15; 
Number of cell 0d: 24
Number of cell 1d: 37
Number of cell 2d: 14

New Polygonal Mesh
Obtained from fracture 1
Cell0Ds: 
Id; X; Y; Z;
0; 5.5952856500448900e-01; 3.0734730003609312e-01; -8.6619310585948128e-02
1; 1.2850957640097640e+00; 3.9378095860229478e-01; -8.6619310585948128e-02
2; 1.2754369312946789e+00; 4.7486201330943967e-01; 3.9361989787461205e-01
3; 5.4986973228940383e-01; 3.8842835474323800e-01; 3.9361989787461216e-01
4; 8.7905228423132287e-01; 3.4541076829832673e-01; -8.6619310585948128e-02
5; 5.5471520740420799e-01; 3.4775302217929871e-01; 1.5270184883183249e-01
6; 1.2770263671048381e+00; 4.6151949711949242e-01; 3.1459281273029643e-01
7; 9.3219301223688000e-01; 4.3397286100839821e-01; 3.9361989787461210e-01
Cell1Ds: 
Id; IdVert1; IdVert2
4; 0; 4
5; 4; 1
6; 3; 5
7; 5; 0
8; 5; 4
9; 1; 6
10; 6; 2
11; 2; 7
12; 7; 3
13; 7; 6
# Cell2dId; NumCell0d
1; 3
# Cell0dId; X; Y; Z;
0; 5.5952856500448900e-01; 3.0734730003609312e-01; -8.6619310585948128e-02; 
4; 8.7905228423132287e-01; 3.4541076829832673e-01; -8.6619310585948128e-02; 
5; 5.5471520740420799e-01; 3.4775302217929871e-01; 1.5270184883183249e-01; 
# Cell1ds; IdCell0ds; IdCell0ds;
4; 0; 4; 
8; 5; 4; 
7; 5; 0; 
# Cell2dId; NumCell0d
3; 6
# Cell0dId; X; Y; Z;
4; 8.7905228423132287e-01; 3.4541076829832673e-01; -8.6619310585948128e-02; 
1; 1.2850957640097640e+00; 3.9378095860229478e-01; -8.6619310585948128e-02; 
6; 1.2770263671048381e+00; 4.6151949711949242e-01; 3.1459281273029643e-01; 
7; 9.3219301223688000e-01; 4.3397286100839821e-01; 3.9361989787461210e-01; 
3; 5.4986973228940383e-01; 3.8842835474323800e-01; 3.9361989787461216e-01; 
5; 5.5471520740420799e-01; 3.4775302217929871e-01; 1.5270184883183249e-01; 
# Cell1ds; IdCell0ds; IdCell0ds;
5; 4; 1; 
9; 1; 6; 
13; 7; 6; 
12; 7; 3; 
6; 3; 5; 
8; 5; 4; 
# Cell2dId; NumCell0d
4; 3
# Cell0dId; X; Y; Z;
6; 1.2770263671048381e+00; 4.6151949711949242e-01; 3.1459281273029643e-01; 
2; 1.2754369312946789e+00; 4.7486201330943967e-01; 3.9361989787461205e-01; 
7; 9.3219301223688000e-01; 4.3397286100839821e-01; 3.9361989787461210e-01; 
# Cell1ds; IdCell0ds; IdCell0ds;
10; 6; 2; 
11; 2; 7; 
13; 7; 6; 
Number of cell 0d: 8
Number of cell 1d: 10
Number of cell 2d: 3

New Polygonal Mesh
Obtained from fracture 2
Cell0Ds: 
Id; X; Y; Z;
0; 1.3889514091147021e-01; 3.2532511435084366e-01; 3.0316445711141893e-01
1; 3.0493433607942311e-01; 1.2648915763283695e+00; 3.0316445711141893e-01
2; 3.9771297738018352e-01; 1.2484958325957427e+00; 9.3223134394306229e-01
3; 2.3167378221223053e-01; 3.0892937061821679e-01; 9.3223134394306229e-01
4; 2.8390199813548167e-01; 6.0447332336244597e-01; 9.3223134394306240e-01
5; 1.4992041146307883e-01; 3.2337674015595691e-01; 3.7791908301603644e-01
6; 3.1586681094161595e-01; 1.2629596008899404e+00; 3.7728990053789524e-01
7; 1.6322765527165878e-01; 3.5129565692198750e-01; 4.3297417368515212e-01
8; 1.5830512743073910e-01; 3.2189500198487320e-01; 4.3476996051105310e-01
9; 2.3880707383785377e-01; 8.9069705098316831e-01; 3.0316445711141893e-01
10; 2.4196095331615991e-01; 8.2154399327977168e-01; 4.0425148811439271e-01
11; 2.5465905811820344e-01; 5.4312093363543013e-01; 8.1124665791478645e-01
12; 2.1090343293491920e-01; 4.5132058225462029e-01; 6.3021969647921461e-01
13; 2.5103858812367530e-01; 6.2250461718046002e-01; 6.9520463249827991e-01
14; 1.7967345488367059e-01; 3.1811881367255040e-01; 5.7965360009830991e-01
15; 2.0417828776973185e-01; 6.9474304159586120e-01; 3.0316445711141893e-01
16; 1.9657573704958375e-01; 5.5047288391848581e-01; 4.2080846373668884e-01
17; 1.8892031869884127e-01; 4.0519948118788507e-01; 5.3927055893681386e-01
Cell1Ds: 
Id; IdVert1; IdVert2
4; 2; 4
5; 4; 3
7; 5; 0
9; 1; 6
10; 6; 2
12; 7; 5
15; 8; 5
16; 7; 8
18; 9; 1
19; 6; 10
21; 10; 9
22; 4; 11
25; 11; 12
27; 10; 13
28; 13; 11
29; 13; 12
30; 3; 14
31; 14; 8
32; 12; 14
33; 0; 15
34; 15; 9
35; 10; 16
36; 16; 7
37; 16; 15
38; 12; 17
39; 17; 7
40; 16; 17
# Cell2dId; NumCell0d
6; 3
# Cell0dId; X; Y; Z;
8; 1.5830512743073910e-01; 3.2189500198487320e-01; 4.3476996051105310e-01; 
5; 1.4992041146307883e-01; 3.2337674015595691e-01; 3.7791908301603644e-01; 
7; 1.6322765527165878e-01; 3.5129565692198750e-01; 4.3297417368515212e-01; 
# Cell1ds; IdCell0ds; IdCell0ds;
15; 8; 5; 
12; 7; 5; 
16; 7; 8; 
# Cell2dId; NumCell0d
8; 4
# Cell0dId; X; Y; Z;
9; 2.3880707383785377e-01; 8.9069705098316831e-01; 3.0316445711141893e-01; 
1; 3.0493433607942311e-01; 1.2648915763283695e+00; 3.0316445711141893e-01; 
6; 3.1586681094161595e-01; 1.2629596008899404e+00; 3.7728990053789524e-01; 
10; 2.4196095331615991e-01; 8.2154399327977168e-01; 4.0425148811439271e-01; 
# Cell1ds; IdCell0ds; IdCell0ds;
18; 9; 1; 
9; 1; 6; 
19; 6; 10; 
21; 10; 9; 
# Cell2dId; NumCell0d
12; 3
# Cell0dId; X; Y; Z;
11; 2.5465905811820344e-01; 5.4312093363543013e-01; 8.1124665791478645e-01; 
12; 2.1090343293491920e-01; 4.5132058225462029e-01; 6.3021969647921461e-01; 
13; 2.5103858812367530e-01; 6.2250461718046002e-01; 6.9520463249827991e-01; 
# Cell1ds; IdCell0ds; IdCell0ds;
25; 11; 12; 
29; 13; 12; 
28; 13; 11; 
# Cell2dId; NumCell0d
14; 5
# Cell0dId; X; Y; Z;
4; 2.8390199813548167e-01; 6.0447332336244597e-01; 9.3223134394306240e-01; 
3; 2.3167378221223053e-01; 3.0892937061821679e-01; 9.3223134394306229e-01; 
14; 1.7967345488367059e-01; 3.1811881367255040e-01; 5.7965360009830991e-01; 
12; 2.1090343293491920e-01; 4.5132058225462029e-01; 6.3021969647921461e-01; 
11; 2.5465905811820344e-01; 5.4312093363543013e-01; 8.1124665791478645e-01; 
# Cell1ds; IdCell0ds; IdCell0ds;
5; 4; 3; 
30; 3; 14; 
32; 12; 14; 
25; 11; 12; 
22; 4; 11; 
# Cell2dId; NumCell0d
16; 6
# Cell0dId; X; Y; Z;
6; 3.1586681094161595e-01; 1.2629596008899404e+00; 3.7728990053789524e-01; 
2; 3.9771297738018352e-01; 1.2484958325957427e+00; 9.3223134394306229e-01; 
4; 2.8390199813548167e-01; 6.0447332336244597e-01; 9.3223134394306240e-01; 
11; 2.5465905811820344e-01; 5.4312093363543013e-01; 8.1124665791478645e-01; 
13; 2.5103858812367530e-01; 6.2250461718046002e-01; 6.9520463249827991e-01; 
10; 2.4196095331615991e-01; 8.2154399327977168e-01; 4.0425148811439271e-01; 
# Cell1ds; IdCell0ds; IdCell0ds;
10; 6; 2; 
4; 2; 4; 
22; 4; 11; 
28; 13; 11; 
27; 10; 13; 
19; 6; 10; 
# Cell2dId; NumCell0d
17; 5
# Cell0dId; X; Y; Z;
0; 1.3889514091147021e-01; 3.2532511435084366e-01; 3.0316445711141893e-01; 
15; 2.0417828776973185e-01; 6.9474304159586120e-01; 3.0316445711141893e-01; 
16; 1.9657573704958375e-01; 5.5047288391848581e-01; 4.2080846373668884e-01; 
7; 1.6322765527165878e-01; 3.5129565692198750e-01; 4.3297417368515212e-01; 
5; 1.4992041146307883e-01; 3.2337674015595691e-01; 3.7791908301603644e-01; 
# Cell1ds; IdCell0ds; IdCell0ds;
33; 0; 15; 
37; 16; 15; 
36; 16; 7; 
12; 7; 5; 
7; 5; 0; 
# Cell2dId; NumCell0d
18; 4
# Cell0dId; X; Y; Z;
15; 2.0417828776973185e-01; 6.9474304159586120e-01; 3.0316445711141893e-01; 
9; 2.3880707383785377e-01; 8.9069705098316831e-01; 3.0316445711141893e-01; 
10; 2.4196095331615991e-01; 8.2154399327977168e-01; 4.0425148811439271e-01; 
16; 1.9657573704958375e-01; 5.5047288391848581e-01; 4.2080846373668884e-01; 
# Cell1ds; IdCell0ds; IdCell0ds;
34; 15; 9; 
21; 10; 9; 
35; 10; 16; 
37; 16; 15; 
# Cell2dId; NumCell0d
19; 5
# Cell0dId; X; Y; Z;
12; 2.1090343293491920e-01; 4.5132058225462029e-01; 6.3021969647921461e-01; 
17; 1.8892031869884127e-01; 4.0519948118788507e-01; 5.3927055893681386e-01; 
16; 1.9657573704958375e-01; 5.5047288391848581e-01; 4.2080846373668884e-01; 
10; 2.4196095331615991e-01; 8.2154399327977168e-01; 4.0425148811439271e-01; 
13; 2.5103858812367530e-01; 6.2250461718046002e-01; 6.9520463249827991e-01; 
# Cell1ds; IdCell0ds; IdCell0ds;
38; 12; 17; 
40; 16; 17; 
35; 10; 16; 
27; 10; 13; 
29; 13; 12; 
# Cell2dId; NumCell0d
20; 3
# Cell0dId; X; Y; Z;
17; 1.8892031869884127e-01; 4.0519948118788507e-01; 5.3927055893681386e-01; 
7; 1.6322765527165878e-01; 3.5129565692198750e-01; 4.3297417368515212e-01; 
16; 1.9657573704958375e-01; 5.5047288391848581e-01; 4.2080846373668884e-01; 
# Cell1ds; IdCell0ds; IdCell0ds;
39; 17; 7; 
36; 16; 7; 
40; 16; 17; 
# Cell2dId; NumCell0d
21; 5
# Cell0dId; X; Y; Z;
14; 1.7967345488367059e-01; 3.1811881367255040e-01; 5.7965360009830991e-01; 
8; 1.5830512743073910e-01; 3.2189500198487320e-01; 4.3476996051105310e-01; 
7; 1.6322765527165878e-01; 3.5129565692198750e-01; 4.3297417368515212e-01; 
17; 1.8892031869884127e-01; 4.0519948118788507e-01; 5.3927055893681386e-01; 
12; 2.1090343293491920e-01; 4.5132058225462029e-01; 6.3021969647921461e-01; 
# Cell1ds; IdCell0ds; IdCell0ds;
31; 14; 8; 
16; 7; 8; 
39; 17; 7; 
38; 12; 17; 
32; 12; 14; 
Number of cell 0d: 18
Number of cell 1d: 27
Number of cell 2d: 10

New Polygonal Mesh
Obtained from fracture 3
Cell0Ds: 
Id; X; Y; Z;
0; 1.1703576393608155e+00; 8.4910901010356454e-01; 1.9471648379405543e-02
1; 1.8889537283905738e-01; 1.0495073714723975e+00; 1.9471648379405543e-02
2; 8.5760163226457409e-02; 5.4439687110120150e-01; 4.4396472304581652e-01
3; 1.0672224297482156e+00; 3.4399850973236856e-01; 4.4396472304581658e-01
4; 1.0670416926497708e-01; 6.4697132079332287e-01; 3.5776151899437547e-01
5; 2.2958430450109280e-01; 5.1503036031433214e-01; 4.4396472304581658e-01
6; 3.4992729960937530e-01; 1.0166273155052918e+00; 1.9471648379405543e-02
7; 5.2384452670666160e-01; 4.5494729002472428e-01; 4.4396472304581658e-01
8; 6.9639825269435840e-01; 9.4588367753926816e-01; 1.9471648379405543e-02
9; 4.3337785234321080e-01; 7.4711687442812058e-01; 2.2315579343986952e-01
10; 1.8690582861362082e-01; 5.6085582339306639e-01; 4.1402480347734466e-01
11; 4.3699853418291007e-01; 7.3542358387880813e-01; 2.3199306845957207e-01
12; 5.8999373703027447e-01; 4.4144071538923330e-01; 4.4396472304581658e-01
13; 4.3160882354145319e-01; 7.4578000398359434e-01; 2.2452573705866213e-01
14; 2.8360652600124148e-01; 1.0301689205258133e+00; 1.9471648379405543e-02
15; 4.4649687239240854e-01; 7.0474791743347165e-01; 2.5517638881297244e-01
16; 4.5052494362650009e-01; 7.0943235948363359e-01; 2.5073362592155513e-01
17; 2.7533021843380118e-01; 5.0568980132990660e-01; 4.4396472304581658e-01
18; 1.9507930182150363e-01; 5.2207571114633333e-01; 4.4396472304581658e-01
19; 1.9657573704958375e-01; 5.5047288391848603e-01; 4.2080846373668879e-01
20; 1.9754663495666167e-01; 5.6889717325226885e-01; 4.0578451664087617e-01
21; 2.2251146962230511e-01; 1.0426435205218632e+00; 1.9471648379405543e-02
22; 7.1251421562779127e-01; 4.1642406015695266e-01; 4.4396472304581658e-01
23; 1.0881373072504230e+00; 4.4643030077661355e-01; 3.5788140881654373e-01
Cell1Ds: 
Id; IdVert1; IdVert2
4; 1; 4
5; 4; 2
14; 0; 8
15; 8; 6
16; 6; 9
18; 9; 8
19; 4; 10
22; 9; 11
24; 7; 12
27; 9; 13
29; 11; 13
30; 6; 14
32; 13; 14
33; 11; 15
34; 15; 7
35; 12; 16
36; 16; 11
37; 16; 15
38; 5; 17
39; 17; 7
40; 15; 17
41; 2; 18
42; 18; 5
43; 5; 19
44; 19; 10
45; 19; 18
46; 13; 20
47; 20; 10
48; 19; 20
49; 14; 21
50; 21; 1
51; 20; 21
52; 12; 22
53; 22; 3
54; 3; 23
55; 23; 0
56; 23; 22
# Cell2dId; NumCell0d
6; 3
# Cell0dId; X; Y; Z;
8; 6.9639825269435840e-01; 9.4588367753926816e-01; 1.9471648379405543e-02; 
6; 3.4992729960937530e-01; 1.0166273155052918e+00; 1.9471648379405543e-02; 
9; 4.3337785234321080e-01; 7.4711687442812058e-01; 2.2315579343986952e-01; 
# Cell1ds; IdCell0ds; IdCell0ds;
15; 8; 6; 
16; 6; 9; 
18; 9; 8; 
# Cell2dId; NumCell0d
13; 3
# Cell0dId; X; Y; Z;
11; 4.3699853418291007e-01; 7.3542358387880813e-01; 2.3199306845957207e-01; 
9; 4.3337785234321080e-01; 7.4711687442812058e-01; 2.2315579343986952e-01; 
13; 4.3160882354145319e-01; 7.4578000398359434e-01; 2.2452573705866213e-01; 
# Cell1ds; IdCell0ds; IdCell0ds;
22; 9; 11; 
27; 9; 13; 
29; 11; 13; 
# Cell2dId; NumCell0d
14; 4
# Cell0dId; X; Y; Z;
6; 3.4992729960937530e-01; 1.0166273155052918e+00; 1.9471648379405543e-02; 
14; 2.8360652600124148e-01; 1.0301689205258133e+00; 1.9471648379405543e-02; 
13; 4.3160882354145319e-01; 7.4578000398359434e-01; 2.2452573705866213e-01; 
9; 4.3337785234321080e-01; 7.4711687442812058e-01; 2.2315579343986952e-01; 
# Cell1ds; IdCell0ds; IdCell0ds;
30; 6; 14; 
32; 13; 14; 
27; 9; 13; 
16; 6; 9; 
# Cell2dId; NumCell0d
16; 3
# Cell0dId; X; Y; Z;
11; 4.3699853418291007e-01; 7.3542358387880813e-01; 2.3199306845957207e-01; 
15; 4.4649687239240854e-01; 7.0474791743347165e-01; 2.5517638881297244e-01; 
16; 4.5052494362650009e-01; 7.0943235948363359e-01; 2.5073362592155513e-01; 
# Cell1ds; IdCell0ds; IdCell0ds;
33; 11; 15; 
37; 16; 15; 
36; 16; 11; 
# Cell2dId; NumCell0d
17; 4
# Cell0dId; X; Y; Z;
15; 4.4649687239240854e-01; 7.0474791743347165e-01; 2.5517638881297244e-01; 
7; 5.2384452670666160e-01; 4.5494729002472428e-01; 4.4396472304581658e-01; 
12; 5.8999373703027447e-01; 4.4144071538923330e-01; 4.4396472304581658e-01; 
16; 4.5052494362650009e-01; 7.0943235948363359e-01; 2.5073362592155513e-01; 
# Cell1ds; IdCell0ds; IdCell0ds;
34; 15; 7; 
24; 7; 12; 
35; 12; 16; 
37; 16; 15; 
# Cell2dId; NumCell0d
19; 3
# Cell0dId; X; Y; Z;
17; 2.7533021843380118e-01; 5.0568980132990660e-01; 4.4396472304581658e-01; 
7; 5.2384452670666160e-01; 4.5494729002472428e-01; 4.4396472304581658e-01; 
15; 4.4649687239240854e-01; 7.0474791743347165e-01; 2.5517638881297244e-01; 
# Cell1ds; IdCell0ds; IdCell0ds;
39; 17; 7; 
34; 15; 7; 
40; 15; 17; 
# Cell2dId; NumCell0d
21; 5
# Cell0dId; X; Y; Z;
4; 1.0670416926497708e-01; 6.4697132079332287e-01; 3.5776151899437547e-01; 
2; 8.5760163226457409e-02; 5.4439687110120150e-01; 4.4396472304581652e-01; 
18; 1.9507930182150363e-01; 5.2207571114633333e-01; 4.4396472304581658e-01; 
19; 1.9657573704958375e-01; 5.5047288391848603e-01; 4.2080846373668879e-01; 
10; 1.8690582861362082e-01; 5.6085582339306639e-01; 4.1402480347734466e-01; 
# Cell1ds; IdCell0ds; IdCell0ds;
5; 4; 2; 
41; 2; 18; 
45; 19; 18; 
44; 19; 10; 
19; 4; 10; 
# Cell2dId; NumCell0d
22; 3
# Cell0dId; X; Y; Z;
18; 1.9507930182150363e-01; 5.2207571114633333e-01; 4.4396472304581658e-01; 
5; 2.2958430450109280e-01; 5.1503036031433214e-01; 4.4396472304581658e-01; 
19; 1.9657573704958375e-01; 5.5047288391848603e-01; 4.2080846373668879e-01; 
# Cell1ds; IdCell0ds; IdCell0ds;
42; 18; 5; 
43; 5; 19; 
45; 19; 18; 
# Cell2dId; NumCell0d
23; 3
# Cell0dId; X; Y; Z;
10; 1.8690582861362082e-01; 5.6085582339306639e-01; 4.1402480347734466e-01; 
19; 1.9657573704958375e-01; 5.5047288391848603e-01; 4.2080846373668879e-01; 
20; 1.9754663495666167e-01; 5.6889717325226885e-01; 4.0578451664087617e-01; 
# Cell1ds; IdCell0ds; IdCell0ds;
44; 19; 10; 
48; 19; 20; 
47; 20; 10; 
# Cell2dId; NumCell0d
24; 7
# Cell0dId; X; Y; Z;
19; 1.9657573704958375e-01; 5.5047288391848603e-01; 4.2080846373668879e-01; 
5; 2.2958430450109280e-01; 5.1503036031433214e-01; 4.4396472304581658e-01; 
17; 2.7533021843380118e-01; 5.0568980132990660e-01; 4.4396472304581658e-01; 
15; 4.4649687239240854e-01; 7.0474791743347165e-01; 2.5517638881297244e-01; 
11; 4.3699853418291007e-01; 7.3542358387880813e-01; 2.3199306845957207e-01; 
13; 4.3160882354145319e-01; 7.4578000398359434e-01; 2.2452573705866213e-01; 
20; 1.9754663495666167e-01; 5.6889717325226885e-01; 4.0578451664087617e-01; 
# Cell1ds; IdCell0ds; IdCell0ds;
43; 5; 19; 
38; 5; 17; 
40; 15; 17; 
33; 11; 15; 
29; 11; 13; 
46; 13; 20; 
48; 19; 20; 
# Cell2dId; NumCell0d
25; 4
# Cell0dId; X; Y; Z;
14; 2.8360652600124148e-01; 1.0301689205258133e+00; 1.9471648379405543e-02; 
21; 2.2251146962230511e-01; 1.0426435205218632e+00; 1.9471648379405543e-02; 
20; 1.9754663495666167e-01; 5.6889717325226885e-01; 4.0578451664087617e-01; 
13; 4.3160882354145319e-01; 7.4578000398359434e-01; 2.2452573705866213e-01; 
# Cell1ds; IdCell0ds; IdCell0ds;
49; 14; 21; 
51; 20; 21; 
46; 13; 20; 
32; 13; 14; 
# Cell2dId; NumCell0d
26; 5
# Cell0dId; X; Y; Z;
21; 2.2251146962230511e-01; 1.0426435205218632e+00; 1.9471648379405543e-02; 
1; 1.8889537283905738e-01; 1.0495073714723975e+00; 1.9471648379405543e-02; 
4; 1.0670416926497708e-01; 6.4697132079332287e-01; 3.5776151899437547e-01; 
10; 1.8690582861362082e-01; 5.6085582339306639e-01; 4.1402480347734466e-01; 
20; 1.9754663495666167e-01; 5.6889717325226885e-01; 4.0578451664087617e-01; 
# Cell1ds; IdCell0ds; IdCell0ds;
50; 21; 1; 
4; 1; 4; 
19; 4; 10; 
47; 20; 10; 
51; 20; 21; 
# Cell2dId; NumCell0d
27; 8
# Cell0dId; X; Y; Z;
0; 1.1703576393608155e+00; 8.4910901010356454e-01; 1.9471648379405543e-02; 
8; 6.9639825269435840e-01; 9.4588367753926816e-01; 1.9471648379405543e-02; 
9; 4.3337785234321080e-01; 7.4711687442812058e-01; 2.2315579343986952e-01; 
11; 4.3699853418291007e-01; 7.3542358387880813e-01; 2.3199306845957207e-01; 
16; 4.5052494362650009e-01; 7.0943235948363359e-01; 2.5073362592155513e-01; 
12; 5.8999373703027447e-01; 4.4144071538923330e-01; 4.4396472304581658e-01; 
22; 7.1251421562779127e-01; 4.1642406015695266e-01; 4.4396472304581658e-01; 
23; 1.0881373072504230e+00; 4.4643030077661355e-01; 3.5788140881654373e-01; 
# Cell1ds; IdCell0ds; IdCell0ds;
14; 0; 8; 
18; 9; 8; 
22; 9; 11; 
36; 16; 11; 
35; 12; 16; 
52; 12; 22; 
56; 23; 22; 
55; 23; 0; 
# Cell2dId; NumCell0d
28; 3
# Cell0dId; X; Y; Z;
22; 7.1251421562779127e-01; 4.1642406015695266e-01; 4.4396472304581658e-01; 
3; 1.0672224297482156e+00; 3.4399850973236856e-01; 4.4396472304581658e-01; 
23; 1.0881373072504230e+00; 4.4643030077661355e-01; 3.5788140881654373e-01; 
# Cell1ds; IdCell0ds; IdCell0ds;
53; 22; 3; 
54; 3; 23; 
56; 23; 22; 
Number of cell 0d: 24
Number of cell 1d: 37
Number of cell 2d: 14

New Polygonal Mesh
Obtained from fracture 4
Cell0Ds: 
Id; X; Y; Z;
0; 8.6689626092990846e-01; 1.1190198382765304e-01; -6.6465853981275497e-02
1; 8.0672711150466425e-01; 1.0396692815319040e+00; -6.6465853981275497e-02
2; 3.0948801747596738e-01; 1.0074214825173036e+00; 3.0215171453688017e-01
3; 3.6965716690121142e-01; 7.9654184813052531e-02; 3.0215171453688022e-01
4; 3.8093142506468197e-01; 1.0120548524122017e+00; 2.4918867219314272e-01
5; 5.6302451365257999e-01; 9.2194774257664508e-02; 1.5880296733201360e-01
6; 8.0737064217206755e-01; 1.0297464770051696e+00; -6.6465853981275497e-02
7; 4.3337785234321086e-01; 7.4711687442812080e-01; 2.2315579343986955e-01
8; 3.3136923116714656e-01; 6.7002807259422170e-01; 3.0215171453688017e-01
9; 8.5173955844049165e-01; 3.4560801166812383e-01; -6.6465853981275497e-02
10; 5.1237434340181232e-01; 3.4805879373648085e-01; 1.8394423642110352e-01
11; 3.2254187386143862e-01; 8.0613990916857226e-01; 3.0215171453688017e-01
12; 4.3160882354145313e-01; 7.4578000398359445e-01; 2.2452573705866230e-01
13; 4.3389270318947731e-01; 7.4451605776145213e-01; 2.2290023647722471e-01
14; 8.4046119807246511e-01; 5.1951264587238666e-01; -6.6465853981275497e-02
15; 3.3813027232799087e-01; 5.6577742342629345e-01; 3.0215171453688017e-01
16; 4.4380389333985415e-01; 6.9444876406551759e-01; 2.1798061039640251e-01
Cell1Ds: 
Id; IdVert1; IdVert2
4; 1; 4
5; 4; 2
6; 3; 5
7; 5; 0
10; 6; 1
11; 4; 7
13; 7; 6
17; 0; 9
20; 10; 5
21; 10; 9
22; 2; 11
23; 11; 8
24; 8; 12
25; 12; 7
26; 12; 11
28; 13; 7
29; 12; 13
30; 9; 14
31; 14; 6
32; 13; 14
33; 8; 15
34; 15; 3
35; 10; 16
36; 16; 13
37; 16; 15
# Cell2dId; NumCell0d
4; 4
# Cell0dId; X; Y; Z;
6; 8.0737064217206755e-01; 1.0297464770051696e+00; -6.6465853981275497e-02; 
1; 8.0672711150466425e-01; 1.0396692815319040e+00; -6.6465853981275497e-02; 
4; 3.8093142506468197e-01; 1.0120548524122017e+00; 2.4918867219314272e-01; 
7; 4.3337785234321086e-01; 7.4711687442812080e-01; 2.2315579343986955e-01; 
# Cell1ds; IdCell0ds; IdCell0ds;
10; 6; 1; 
4; 1; 4; 
11; 4; 7; 
13; 7; 6; 
# Cell2dId; NumCell0d
7; 4
# Cell0dId; X; Y; Z;
0; 8.6689626092990846e-01; 1.1190198382765304e-01; -6.6465853981275497e-02; 
9; 8.5173955844049165e-01; 3.4560801166812383e-01; -6.6465853981275497e-02; 
10; 5.1237434340181232e-01; 3.4805879373648085e-01; 1.8394423642110352e-01; 
5; 5.6302451365257999e-01; 9.2194774257664508e-02; 1.5880296733201360e-01; 
# Cell1ds; IdCell0ds; IdCell0ds;
17; 0; 9; 
21; 10; 9; 
20; 10; 5; 
7; 5; 0; 
# Cell2dId; NumCell0d
10; 5
# Cell0dId; X; Y; Z;
4; 3.8093142506468197e-01; 1.0120548524122017e+00; 2.4918867219314272e-01; 
2; 3.0948801747596738e-01; 1.0074214825173036e+00; 3.0215171453688017e-01; 
11; 3.2254187386143862e-01; 8.0613990916857226e-01; 3.0215171453688017e-01; 
12; 4.3160882354145313e-01; 7.4578000398359445e-01; 2.2452573705866230e-01; 
7; 4.3337785234321086e-01; 7.4711687442812080e-01; 2.2315579343986955e-01; 
# Cell1ds; IdCell0ds; IdCell0ds;
5; 4; 2; 
22; 2; 11; 
26; 12; 11; 
25; 12; 7; 
11; 4; 7; 
# Cell2dId; NumCell0d
11; 3
# Cell0dId; X; Y; Z;
11; 3.2254187386143862e-01; 8.0613990916857226e-01; 3.0215171453688017e-01; 
8; 3.3136923116714656e-01; 6.7002807259422170e-01; 3.0215171453688017e-01; 
12; 4.3160882354145313e-01; 7.4578000398359445e-01; 2.2452573705866230e-01; 
# Cell1ds; IdCell0ds; IdCell0ds;
23; 11; 8; 
24; 8; 12; 
26; 12; 11; 
# Cell2dId; NumCell0d
13; 3
# Cell0dId; X; Y; Z;
13; 4.3389270318947731e-01; 7.4451605776145213e-01; 2.2290023647722471e-01; 
7; 4.3337785234321086e-01; 7.4711687442812080e-01; 2.2315579343986955e-01; 
12; 4.3160882354145313e-01; 7.4578000398359445e-01; 2.2452573705866230e-01; 
# Cell1ds; IdCell0ds; IdCell0ds;
28; 13; 7; 
25; 12; 7; 
29; 12; 13; 
# Cell2dId; NumCell0d
15; 4
# Cell0dId; X; Y; Z;
14; 8.4046119807246511e-01; 5.1951264587238666e-01; -6.6465853981275497e-02; 
6; 8.0737064217206755e-01; 1.0297464770051696e+00; -6.6465853981275497e-02; 
7; 4.3337785234321086e-01; 7.4711687442812080e-01; 2.2315579343986955e-01; 
13; 4.3389270318947731e-01; 7.4451605776145213e-01; 2.2290023647722471e-01; 
# Cell1ds; IdCell0ds; IdCell0ds;
31; 14; 6; 
13; 7; 6; 
28; 13; 7; 
32; 13; 14; 
# Cell2dId; NumCell0d
16; 5
# Cell0dId; X; Y; Z;
8; 3.3136923116714656e-01; 6.7002807259422170e-01; 3.0215171453688017e-01; 
15; 3.3813027232799087e-01; 5.6577742342629345e-01; 3.0215171453688017e-01; 
16; 4.4380389333985415e-01; 6.9444876406551759e-01; 2.1798061039640251e-01; 
13; 4.3389270318947731e-01; 7.4451605776145213e-01; 2.2290023647722471e-01; 
12; 4.3160882354145313e-01; 7.4578000398359445e-01; 2.2452573705866230e-01; 
# Cell1ds; IdCell0ds; IdCell0ds;
33; 8; 15; 
37; 16; 15; 
36; 16; 13; 
29; 12; 13; 
24; 8; 12; 
# Cell2dId; NumCell0d
17; 5
# Cell0dId; X; Y; Z;
15; 3.3813027232799087e-01; 5.6577742342629345e-01; 3.0215171453688017e-01; 
3; 3.6965716690121142e-01; 7.9654184813052531e-02; 3.0215171453688022e-01; 
5; 5.6302451365257999e-01; 9.2194774257664508e-02; 1.5880296733201360e-01; 
10; 5.1237434340181232e-01; 3.4805879373648085e-01; 1.8394423642110352e-01; 
16; 4.4380389333985415e-01; 6.9444876406551759e-01; 2.1798061039640251e-01; 
# Cell1ds; IdCell0ds; IdCell0ds;
34; 15; 3; 
6; 3; 5; 
20; 10; 5; 
35; 10; 16; 
37; 16; 15; 
# Cell2dId; NumCell0d
18; 5
# Cell0dId; X; Y; Z;
9; 8.5173955844049165e-01; 3.4560801166812383e-01; -6.6465853981275497e-02; 
14; 8.4046119807246511e-01; 5.1951264587238666e-01; -6.6465853981275497e-02; 
13; 4.3389270318947731e-01; 7.4451605776145213e-01; 2.2290023647722471e-01; 
16; 4.4380389333985415e-01; 6.9444876406551759e-01; 2.1798061039640251e-01; 
10; 5.1237434340181232e-01; 3.4805879373648085e-01; 1.8394423642110352e-01; 
# Cell1ds; IdCell0ds; IdCell0ds;
30; 9; 14; 
32; 13; 14; 
36; 16; 13; 
35; 10; 16; 
21; 10; 9; 
Number of cell 0d: 17
Number of cell 1d: 25
Number of cell 2d: 9

New Polygonal Mesh
Obtained from fracture 5
Cell0Ds: 
Id; X; Y; Z;
0; 4.1092145039500427e-02; 1.4957207729006705e-01; 5.9517393895398174e-01
1; 5.0655158055665961e-01; 5.8719652388187082e-01; 5.9517393895398174e-01
2; 7.6948017985216643e-01; 3.0754441952044154e-01; 7.7975750607361827e-01
3; 3.0402074433500714e-01; -1.3008002707136235e-01; 7.7975750607361827e-01
4; 2.0617557729799901e-01; 3.0478333775862332e-01; 5.9517393895398174e-01
5; 5.3871472682977350e-01; 9.0578995757518113e-02; 7.7975750607361827e-01
6; 5.1998413976991975e-01; 5.7290959023900068e-01; 6.0460398841141116e-01
7; 6.2705801161129315e-01; 1.7363925442358061e-01; 7.7975750607361816e-01
8; 4.2509941631366943e-01; 5.1061528912628229e-01; 5.9517393895398174e-01
9; 6.2034977934898694e-01; 1.9865374303819611e-01; 7.6878404954466473e-01
Cell1Ds: 
Id; IdVert1; IdVert2
3; 3; 0
4; 0; 4
7; 5; 3
8; 5; 4
9; 1; 6
10; 6; 2
11; 2; 7
12; 7; 5
14; 4; 8
15; 8; 1
16; 6; 9
17; 9; 7
18; 9; 8
# Cell2dId; NumCell0d
1; 4
# Cell0dId; X; Y; Z;
0; 4.1092145039500427e-02; 1.4957207729006705e-01; 5.9517393895398174e-01; 
4; 2.0617557729799901e-01; 3.0478333775862332e-01; 5.9517393895398174e-01; 
5; 5.3871472682977350e-01; 9.0578995757518113e-02; 7.7975750607361827e-01; 
3; 3.0402074433500714e-01; -1.3008002707136235e-01; 7.7975750607361827e-01; 
# Cell1ds; IdCell0ds; IdCell0ds;
4; 0; 4; 
8; 5; 4; 
7; 5; 3; 
3; 3; 0; 
# Cell2dId; NumCell0d
5; 5
# Cell0dId; X; Y; Z;
4; 2.0617557729799901e-01; 3.0478333775862332e-01; 5.9517393895398174e-01; 
8; 4.2509941631366943e-01; 5.1061528912628229e-01; 5.9517393895398174e-01; 
9; 6.2034977934898694e-01; 1.9865374303819611e-01; 7.6878404954466473e-01; 
7; 6.2705801161129315e-01; 1.7363925442358061e-01; 7.7975750607361816e-01; 
5; 5.3871472682977350e-01; 9.0578995757518113e-02; 7.7975750607361827e-01; 
# Cell1ds; IdCell0ds; IdCell0ds;
14; 4; 8; 
18; 9; 8; 
17; 9; 7; 
12; 7; 5; 
8; 5; 4; 
# Cell2dId; NumCell0d
6; 4
# Cell0dId; X; Y; Z;
8; 4.2509941631366943e-01; 5.1061528912628229e-01; 5.9517393895398174e-01; 
1; 5.0655158055665961e-01; 5.8719652388187082e-01; 5.9517393895398174e-01; 
6; 5.1998413976991975e-01; 5.7290959023900068e-01; 6.0460398841141116e-01; 
9; 6.2034977934898694e-01; 1.9865374303819611e-01; 7.6878404954466473e-01; 
# Cell1ds; IdCell0ds; IdCell0ds;
15; 8; 1; 
9; 1; 6; 
16; 6; 9; 
18; 9; 8; 
# Cell2dId; NumCell0d
7; 4
# Cell0dId; X; Y; Z;
6; 5.1998413976991975e-01; 5.7290959023900068e-01; 6.0460398841141116e-01; 
2; 7.6948017985216643e-01; 3.0754441952044154e-01; 7.7975750607361827e-01; 
7; 6.2705801161129315e-01; 1.7363925442358061e-01; 7.7975750607361816e-01; 
9; 6.2034977934898694e-01; 1.9865374303819611e-01; 7.6878404954466473e-01; 
# Cell1ds; IdCell0ds; IdCell0ds;
10; 6; 2; 
11; 2; 7; 
17; 9; 7; 
16; 6; 9; 
Number of cell 0d: 10
Number of cell 1d: 13
Number of cell 2d: 4

New Polygonal Mesh
Obtained from fracture 6
Cell0Ds: 
Id; X; Y; Z;
0; 4.5815734863136615e-02; 1.4780009821241009e+00; 1.9918095081476878e-01
1; -2.4078841883340674e-01; 4.5712238190149840e-01; 1.9918095081476878e-01
2; 3.5305869274491009e-01; 2.9040417583671407e-01; 5.4451429376263860e-01
3; 6.3966284644145355e-01; 1.3112827760593166e+00; 5.4451429376263871e-01
4; 1.6201266918903157e-01; 3.4403894091689430e-01; 4.3341741262078559e-01
5; 3.3813088402393648e-01; 1.3959356553363300e+00; 3.6916774655030959e-01
6; 3.2840547004067311e-01; 1.3378489263460696e+00; 3.7271567372756126e-01
7; 3.1218824932854600e-01; 1.4032188590981778e+00; 3.5408161311703601e-01
8; 4.7792178843098765e-01; 7.3516417215703622e-01; 5.4451429376263860e-01
9; -2.4726518440997734e-02; 1.2267308037933202e+00; 1.9918095081476878e-01
10; 2.4196095331615985e-01; 8.2154399327977168e-01; 4.0425148811439265e-01
11; 4.2436810703245786e-01; 5.4440696714881831e-01; 5.4451429376263860e-01
12; 1.5875417021688845e-01; 3.4495374052188993e-01; 4.3152253375196081e-01
13; 1.6322765527165881e-01; 3.5129565692198761e-01; 4.3297417368515223e-01
14; 3.6406877365289153e-01; 6.3602167408341159e-01; 4.9814684870238923e-01
15; 4.6649432405845709e-01; 7.8122709445548044e-01; 5.3138380318584599e-01
16; -1.1934777251785761e-01; 8.8969167799066806e-01; 1.9918095081476878e-01
17; 1.9657573704958375e-01; 5.5047288391848592e-01; 4.2080846373668890e-01
18; 2.5754563826212706e-01; 4.8500723879338375e-01; 4.6358023335691251e-01
Cell1Ds: 
Id; IdVert1; IdVert2
5; 4; 2
6; 3; 5
10; 6; 5
11; 5; 7
12; 7; 0
13; 7; 6
15; 8; 3
17; 0; 9
20; 10; 6
21; 10; 9
22; 2; 11
23; 11; 8
25; 1; 12
26; 12; 4
27; 4; 13
29; 13; 12
30; 11; 14
31; 14; 10
33; 8; 15
34; 15; 6
35; 14; 15
36; 9; 16
37; 16; 1
38; 13; 17
39; 17; 10
40; 17; 16
41; 13; 18
42; 18; 14
43; 17; 18
# Cell2dId; NumCell0d
4; 3
# Cell0dId; X; Y; Z;
6; 3.2840547004067311e-01; 1.3378489263460696e+00; 3.7271567372756126e-01; 
5; 3.3813088402393648e-01; 1.3959356553363300e+00; 3.6916774655030959e-01; 
7; 3.1218824932854600e-01; 1.4032188590981778e+00; 3.5408161311703601e-01; 
# Cell1ds; IdCell0ds; IdCell0ds;
10; 6; 5; 
11; 5; 7; 
13; 7; 6; 
# Cell2dId; NumCell0d
7; 5
# Cell0dId; X; Y; Z;
0; 4.5815734863136615e-02; 1.4780009821241009e+00; 1.9918095081476878e-01; 
9; -2.4726518440997734e-02; 1.2267308037933202e+00; 1.9918095081476878e-01; 
10; 2.4196095331615985e-01; 8.2154399327977168e-01; 4.0425148811439265e-01; 
6; 3.2840547004067311e-01; 1.3378489263460696e+00; 3.7271567372756126e-01; 
7; 3.1218824932854600e-01; 1.4032188590981778e+00; 3.5408161311703601e-01; 
# Cell1ds; IdCell0ds; IdCell0ds;
17; 0; 9; 
21; 10; 9; 
20; 10; 6; 
13; 7; 6; 
12; 7; 0; 
# Cell2dId; NumCell0d
12; 3
# Cell0dId; X; Y; Z;
12; 1.5875417021688845e-01; 3.4495374052188993e-01; 4.3152253375196081e-01; 
4; 1.6201266918903157e-01; 3.4403894091689430e-01; 4.3341741262078559e-01; 
13; 1.6322765527165881e-01; 3.5129565692198761e-01; 4.3297417368515223e-01; 
# Cell1ds; IdCell0ds; IdCell0ds;
26; 12; 4; 
27; 4; 13; 
29; 13; 12; 
# Cell2dId; NumCell0d
15; 4
# Cell0dId; X; Y; Z;
11; 4.2436810703245786e-01; 5.4440696714881831e-01; 5.4451429376263860e-01; 
8; 4.7792178843098765e-01; 7.3516417215703622e-01; 5.4451429376263860e-01; 
15; 4.6649432405845709e-01; 7.8122709445548044e-01; 5.3138380318584599e-01; 
14; 3.6406877365289153e-01; 6.3602167408341159e-01; 4.9814684870238923e-01; 
# Cell1ds; IdCell0ds; IdCell0ds;
23; 11; 8; 
33; 8; 15; 
35; 14; 15; 
30; 11; 14; 
# Cell2dId; NumCell0d
16; 4
# Cell0dId; X; Y; Z;
15; 4.6649432405845709e-01; 7.8122709445548044e-01; 5.3138380318584599e-01; 
6; 3.2840547004067311e-01; 1.3378489263460696e+00; 3.7271567372756126e-01; 
10; 2.4196095331615985e-01; 8.2154399327977168e-01; 4.0425148811439265e-01; 
14; 3.6406877365289153e-01; 6.3602167408341159e-01; 4.9814684870238923e-01; 
# Cell1ds; IdCell0ds; IdCell0ds;
34; 15; 6; 
20; 10; 6; 
31; 14; 10; 
35; 14; 15; 
# Cell2dId; NumCell0d
17; 5
# Cell0dId; X; Y; Z;
8; 4.7792178843098765e-01; 7.3516417215703622e-01; 5.4451429376263860e-01; 
3; 6.3966284644145355e-01; 1.3112827760593166e+00; 5.4451429376263871e-01; 
5; 3.3813088402393648e-01; 1.3959356553363300e+00; 3.6916774655030959e-01; 
6; 3.2840547004067311e-01; 1.3378489263460696e+00; 3.7271567372756126e-01; 
15; 4.6649432405845709e-01; 7.8122709445548044e-01; 5.3138380318584599e-01; 
# Cell1ds; IdCell0ds; IdCell0ds;
15; 8; 3; 
6; 3; 5; 
10; 6; 5; 
34; 15; 6; 
33; 8; 15; 
# Cell2dId; NumCell0d
18; 4
# Cell0dId; X; Y; Z;
9; -2.4726518440997734e-02; 1.2267308037933202e+00; 1.9918095081476878e-01; 
16; -1.1934777251785761e-01; 8.8969167799066806e-01; 1.9918095081476878e-01; 
17; 1.9657573704958375e-01; 5.5047288391848592e-01; 4.2080846373668890e-01; 
10; 2.4196095331615985e-01; 8.2154399327977168e-01; 4.0425148811439265e-01; 
# Cell1ds; IdCell0ds; IdCell0ds;
36; 9; 16; 
40; 17; 16; 
39; 17; 10; 
21; 10; 9; 
# Cell2dId; NumCell0d
19; 5
# Cell0dId; X; Y; Z;
16; -1.1934777251785761e-01; 8.8969167799066806e-01; 1.9918095081476878e-01; 
1; -2.4078841883340674e-01; 4.5712238190149840e-01; 1.9918095081476878e-01; 
12; 1.5875417021688845e-01; 3.4495374052188993e-01; 4.3152253375196081e-01; 
13; 1.6322765527165881e-01; 3.5129565692198761e-01; 4.3297417368515223e-01; 
17; 1.9657573704958375e-01; 5.5047288391848592e-01; 4.2080846373668890e-01; 
# Cell1ds; IdCell0ds; IdCell0ds;
37; 16; 1; 
25; 1; 12; 
29; 13; 12; 
38; 13; 17; 
40; 17; 16; 
# Cell2dId; NumCell0d
20; 4
# Cell0dId; X; Y; Z;
14; 3.6406877365289153e-01; 6.3602167408341159e-01; 4.9814684870238923e-01; 
10; 2.4196095331615985e-01; 8.2154399327977168e-01; 4.0425148811439265e-01; 
17; 1.9657573704958375e-01; 5.5047288391848592e-01; 4.2080846373668890e-01; 
18; 2.5754563826212706e-01; 4.8500723879338375e-01; 4.6358023335691251e-01; 
# Cell1ds; IdCell0ds; IdCell0ds;
31; 14; 10; 
39; 17; 10; 
43; 17; 18; 
42; 18; 14; 
# Cell2dId; NumCell0d
21; 3
# Cell0dId; X; Y; Z;
17; 1.9657573704958375e-01; 5.5047288391848592e-01; 4.2080846373668890e-01; 
13; 1.6322765527165881e-01; 3.5129565692198761e-01; 4.3297417368515223e-01; 
18; 2.5754563826212706e-01; 4.8500723879338375e-01; 4.6358023335691251e-01; 
# Cell1ds; IdCell0ds; IdCell0ds;
38; 13; 17; 
41; 13; 18; 
43; 17; 18; 
# Cell2dId; NumCell0d
22; 6
# Cell0dId; X; Y; Z;
4; 1.6201266918903157e-01; 3.4403894091689430e-01; 4.3341741262078559e-01; 
2; 3.5305869274491009e-01; 2.9040417583671407e-01; 5.4451429376263860e-01; 
11; 4.2436810703245786e-01; 5.4440696714881831e-01; 5.4451429376263860e-01; 
14; 3.6406877365289153e-01; 6.3602167408341159e-01; 4.9814684870238923e-01; 
18; 2.5754563826212706e-01; 4.8500723879338375e-01; 4.6358023335691251e-01; 
13; 1.6322765527165881e-01; 3.5129565692198761e-01; 4.3297417368515223e-01; 
# Cell1ds; IdCell0ds; IdCell0ds;
5; 4; 2; 
22; 2; 11; 
30; 11; 14; 
42; 18; 14; 
41; 13; 18; 
27; 4; 13; 
Number of cell 0d: 19
Number of cell 1d: 29
Number of cell 2d: 11

New Polygonal Mesh
Obtained from fracture 7
Cell0Ds: 
Id; X; Y; Z;
0; 4.7555545396717502e-01; 7.4375968596190478e-01; 2.5236863514713970e-01
1; -2.0816650937053482e-01; -1.8594036404610537e-01; 2.5236863514713970e-01
2; -2.7332867797403376e-01; -1.3801866515779926e-01; 1.0174676300177388e+00
3; 4.1039328536367614e-01; 7.9168138485021100e-01; 1.0174676300177388e+00
4; 4.4629359067258173e-01; 7.0397047744283636e-01; 2.5236863514713970e-01
5; 4.5973894174920948e-01; 7.5539149859516119e-01; 4.3807758037819566e-01
6; 1.1957389128188427e-01; 2.5970901276892477e-01; 2.5236863514713970e-01
7; 3.0450427171905559e-01; 6.4769738761231943e-01; 1.0174676300177388e+00
8; 2.1090343293491925e-01; 4.5132058225462035e-01; 6.3021969647921461e-01
9; 4.2463911988247266e-01; 7.8120468330922288e-01; 8.5020073413301722e-01
10; -1.5622028381365990e-01; -1.1530579167958918e-01; 2.5236863514713970e-01
11; 1.6322765527165881e-01; 3.5129565692198755e-01; 4.3297417368515212e-01
12; 4.5218760555362825e-01; 7.6094491811947063e-01; 5.2674129211444054e-01
13; -4.7035123936556414e-02; 5.3212853142693417e-02; 3.6474418229690175e-01
14; 4.4995360538545259e-01; 7.0894723121709735e-01; 2.5236863514713970e-01
15; 4.4692175587922600e-01; 7.0637286144857359e-01; 2.6104493502892928e-01
16; 3.6406877365289164e-01; 6.3602167408341159e-01; 4.9814684870238923e-01
17; 2.8961021409758325e-01; 5.7279826397240396e-01; 7.1122628755355444e-01
18; 4.4904254769630680e-01; 7.0770840838475157e-01; 2.5236863514713970e-01
19; 4.4649687239240865e-01; 7.0474791743347165e-01; 2.5517638881297255e-01
20; 2.5754563826212701e-01; 4.8500723879338359e-01; 4.6358023335691240e-01
21; 4.0063103571889247e-01; 6.4188020990674743e-01; 2.5236863514713970e-01
22; 1.7080192401472585e-01; 3.6203345498597833e-01; 4.3543201378912982e-01
Cell1Ds: 
Id; IdVert1; IdVert2
1; 1; 2
7; 5; 0
11; 2; 7
12; 7; 3
15; 8; 7
16; 3; 9
19; 6; 10
20; 10; 1
22; 6; 11
23; 11; 8
24; 9; 12
25; 12; 5
27; 10; 13
28; 13; 8
29; 11; 13
30; 0; 14
33; 15; 5
34; 15; 14
36; 16; 12
37; 15; 16
38; 8; 17
39; 17; 9
40; 16; 17
41; 14; 18
42; 18; 4
43; 4; 19
44; 19; 15
45; 19; 18
47; 20; 16
48; 19; 20
49; 4; 21
50; 21; 6
51; 11; 22
52; 22; 20
53; 22; 21
# Cell2dId; NumCell0d
11; 4
# Cell0dId; X; Y; Z;
6; 1.1957389128188427e-01; 2.5970901276892477e-01; 2.5236863514713970e-01; 
10; -1.5622028381365990e-01; -1.1530579167958918e-01; 2.5236863514713970e-01; 
13; -4.7035123936556414e-02; 5.3212853142693417e-02; 3.6474418229690175e-01; 
11; 1.6322765527165881e-01; 3.5129565692198755e-01; 4.3297417368515212e-01; 
# Cell1ds; IdCell0ds; IdCell0ds;
19; 6; 10; 
27; 10; 13; 
29; 11; 13; 
22; 6; 11; 
# Cell2dId; NumCell0d
12; 3
# Cell0dId; X; Y; Z;
13; -4.7035123936556414e-02; 5.3212853142693417e-02; 3.6474418229690175e-01; 
8; 2.1090343293491925e-01; 4.5132058225462035e-01; 6.3021969647921461e-01; 
11; 1.6322765527165881e-01; 3.5129565692198755e-01; 4.3297417368515212e-01; 
# Cell1ds; IdCell0ds; IdCell0ds;
28; 13; 8; 
23; 11; 8; 
29; 11; 13; 
# Cell2dId; NumCell0d
13; 6
# Cell0dId; X; Y; Z;
10; -1.5622028381365990e-01; -1.1530579167958918e-01; 2.5236863514713970e-01; 
1; -2.0816650937053482e-01; -1.8594036404610537e-01; 2.5236863514713970e-01; 
2; -2.7332867797403376e-01; -1.3801866515779926e-01; 1.0174676300177388e+00; 
7; 3.0450427171905559e-01; 6.4769738761231943e-01; 1.0174676300177388e+00; 
8; 2.1090343293491925e-01; 4.5132058225462035e-01; 6.3021969647921461e-01; 
13; -4.7035123936556414e-02; 5.3212853142693417e-02; 3.6474418229690175e-01; 
# Cell1ds; IdCell0ds; IdCell0ds;
20; 10; 1; 
1; 1; 2; 
11; 2; 7; 
15; 8; 7; 
28; 13; 8; 
27; 10; 13; 
# Cell2dId; NumCell0d
14; 4
# Cell0dId; X; Y; Z;
0; 4.7555545396717502e-01; 7.4375968596190478e-01; 2.5236863514713970e-01; 
14; 4.4995360538545259e-01; 7.0894723121709735e-01; 2.5236863514713970e-01; 
15; 4.4692175587922600e-01; 7.0637286144857359e-01; 2.6104493502892928e-01; 
5; 4.5973894174920948e-01; 7.5539149859516119e-01; 4.3807758037819566e-01; 
# Cell1ds; IdCell0ds; IdCell0ds;
30; 0; 14; 
34; 15; 14; 
33; 15; 5; 
7; 5; 0; 
# Cell2dId; NumCell0d
17; 4
# Cell0dId; X; Y; Z;
16; 3.6406877365289164e-01; 6.3602167408341159e-01; 4.9814684870238923e-01; 
12; 4.5218760555362825e-01; 7.6094491811947063e-01; 5.2674129211444054e-01; 
5; 4.5973894174920948e-01; 7.5539149859516119e-01; 4.3807758037819566e-01; 
15; 4.4692175587922600e-01; 7.0637286144857359e-01; 2.6104493502892928e-01; 
# Cell1ds; IdCell0ds; IdCell0ds;
36; 16; 12; 
25; 12; 5; 
33; 15; 5; 
37; 15; 16; 
# Cell2dId; NumCell0d
19; 4
# Cell0dId; X; Y; Z;
17; 2.8961021409758325e-01; 5.7279826397240396e-01; 7.1122628755355444e-01; 
9; 4.2463911988247266e-01; 7.8120468330922288e-01; 8.5020073413301722e-01; 
12; 4.5218760555362825e-01; 7.6094491811947063e-01; 5.2674129211444054e-01; 
16; 3.6406877365289164e-01; 6.3602167408341159e-01; 4.9814684870238923e-01; 
# Cell1ds; IdCell0ds; IdCell0ds;
39; 17; 9; 
24; 9; 12; 
36; 16; 12; 
40; 16; 17; 
# Cell2dId; NumCell0d
20; 5
# Cell0dId; X; Y; Z;
8; 2.1090343293491925e-01; 4.5132058225462035e-01; 6.3021969647921461e-01; 
7; 3.0450427171905559e-01; 6.4769738761231943e-01; 1.0174676300177388e+00; 
3; 4.1039328536367614e-01; 7.9168138485021100e-01; 1.0174676300177388e+00; 
9; 4.2463911988247266e-01; 7.8120468330922288e-01; 8.5020073413301722e-01; 
17; 2.8961021409758325e-01; 5.7279826397240396e-01; 7.1122628755355444e-01; 
# Cell1ds; IdCell0ds; IdCell0ds;
15; 8; 7; 
12; 7; 3; 
16; 3; 9; 
39; 17; 9; 
38; 8; 17; 
# Cell2dId; NumCell0d
21; 4
# Cell0dId; X; Y; Z;
14; 4.4995360538545259e-01; 7.0894723121709735e-01; 2.5236863514713970e-01; 
18; 4.4904254769630680e-01; 7.0770840838475157e-01; 2.5236863514713970e-01; 
19; 4.4649687239240865e-01; 7.0474791743347165e-01; 2.5517638881297255e-01; 
15; 4.4692175587922600e-01; 7.0637286144857359e-01; 2.6104493502892928e-01; 
# Cell1ds; IdCell0ds; IdCell0ds;
41; 14; 18; 
45; 19; 18; 
44; 19; 15; 
34; 15; 14; 
# Cell2dId; NumCell0d
22; 3
# Cell0dId; X; Y; Z;
18; 4.4904254769630680e-01; 7.0770840838475157e-01; 2.5236863514713970e-01; 
4; 4.4629359067258173e-01; 7.0397047744283636e-01; 2.5236863514713970e-01; 
19; 4.4649687239240865e-01; 7.0474791743347165e-01; 2.5517638881297255e-01; 
# Cell1ds; IdCell0ds; IdCell0ds;
42; 18; 4; 
43; 4; 19; 
45; 19; 18; 
# Cell2dId; NumCell0d
24; 4
# Cell0dId; X; Y; Z;
20; 2.5754563826212701e-01; 4.8500723879338359e-01; 4.6358023335691240e-01; 
16; 3.6406877365289164e-01; 6.3602167408341159e-01; 4.9814684870238923e-01; 
15; 4.4692175587922600e-01; 7.0637286144857359e-01; 2.6104493502892928e-01; 
19; 4.4649687239240865e-01; 7.0474791743347165e-01; 2.5517638881297255e-01; 
# Cell1ds; IdCell0ds; IdCell0ds;
47; 20; 16; 
37; 15; 16; 
44; 19; 15; 
48; 19; 20; 
# Cell2dId; NumCell0d
26; 5
# Cell0dId; X; Y; Z;
4; 4.4629359067258173e-01; 7.0397047744283636e-01; 2.5236863514713970e-01; 
21; 4.0063103571889247e-01; 6.4188020990674743e-01; 2.5236863514713970e-01; 
22; 1.7080192401472585e-01; 3.6203345498597833e-01; 4.3543201378912982e-01; 
20; 2.5754563826212701e-01; 4.8500723879338359e-01; 4.6358023335691240e-01; 
19; 4.4649687239240865e-01; 7.0474791743347165e-01; 2.5517638881297255e-01; 
# Cell1ds; IdCell0ds; IdCell0ds;
49; 4; 21; 
53; 22; 21; 
52; 22; 20; 
48; 19; 20; 
43; 4; 19; 
# Cell2dId; NumCell0d
27; 4
# Cell0dId; X; Y; Z;
21; 4.0063103571889247e-01; 6.4188020990674743e-01; 2.5236863514713970e-01; 
6; 1.1957389128188427e-01; 2.5970901276892477e-01; 2.5236863514713970e-01; 
11; 1.6322765527165881e-01; 3.5129565692198755e-01; 4.3297417368515212e-01; 
22; 1.7080192401472585e-01; 3.6203345498597833e-01; 4.3543201378912982e-01; 
# Cell1ds; IdCell0ds; IdCell0ds;
50; 21; 6; 
22; 6; 11; 
51; 11; 22; 
53; 22; 21; 
# Cell2dId; NumCell0d
28; 6
# Cell0dId; X; Y; Z;
11; 1.6322765527165881e-01; 3.5129565692198755e-01; 4.3297417368515212e-01; 
8; 2.1090343293491925e-01; 4.5132058225462035e-01; 6.3021969647921461e-01; 
17; 2.8961021409758325e-01; 5.7279826397240396e-01; 7.1122628755355444e-01; 
16; 3.6406877365289164e-01; 6.3602167408341159e-01; 4.9814684870238923e-01; 
20; 2.5754563826212701e-01; 4.8500723879338359e-01; 4.6358023335691240e-01; 
22; 1.7080192401472585e-01; 3.6203345498597833e-01; 4.3543201378912982e-01; 
# Cell1ds; IdCell0ds; IdCell0ds;
23; 11; 8; 
38; 8; 17; 
40; 16; 17; 
47; 20; 16; 
52; 22; 20; 
51; 11; 22; 
Number of cell 0d: 23
Number of cell 1d: 35
Number of cell 2d: 13

New Polygonal Mesh
Obtained from fracture 8
Cell0Ds: 
Id; X; Y; Z;
0; 4.9492804186059458e-01; 3.6306974711677248e-01; 7.4730885127456237e-02
1; 2.9047556488748671e-01; 1.3329262907797839e+00; 7.4730885127456237e-02
2; 3.7254054446501084e-01; 1.3502261568857574e+00; 7.3016836467345569e-01
3; 5.7699302143811870e-01; 3.8036961322274593e-01; 7.3016836467345581e-01
4; 3.1633348531275762e-01; 1.3383773195065201e+00; 2.8125320776850593e-01
5; 5.0882296823656481e-01; 3.6599889383799433e-01; 1.8570703560270047e-01
6; 3.2768093767931256e-01; 1.3407694410618525e+00; 3.7188316486703948e-01
7; 5.6648985957862952e-01; 3.7815547395415716e-01; 6.4628159626277215e-01
8; 3.7256732320525116e-01; 9.4350949248998595e-01; 7.4730885127456237e-02
9; 4.3337785234321080e-01; 7.4711687442812091e-01; 2.2315579343986958e-01
10; 5.4877825893165433e-01; 3.7442174586097354e-01; 5.0482238983218708e-01
11; 3.8328262212866399e-01; 8.9267957381140683e-01; 7.4730885127456237e-02
12; 4.3389270318947731e-01; 7.4451605776145213e-01; 2.2290023647722473e-01
13; 4.3699853418291051e-01; 7.3542358387880702e-01; 2.3199306845957321e-01
14; 5.5953585292508023e-01; 3.7668952118568300e-01; 5.9074125960256840e-01
15; 5.7190591954962655e-01; 3.7929721690958751e-01; 6.8953864347993210e-01
16; 4.9582830420699808e-01; 6.6298486641280086e-01; 5.6508940377788242e-01
17; 4.4380389333985421e-01; 6.9444876406551748e-01; 2.1798061039640254e-01
18; 4.4649687239240871e-01; 7.0474791743347176e-01; 2.5517638881297283e-01
19; 4.4692175587922606e-01; 7.0637286144857347e-01; 2.6104493502892895e-01
20; 4.6649432405845703e-01; 7.8122709445548033e-01; 5.3138380318584588e-01
Cell1Ds: 
Id; IdVert1; IdVert2
2; 2; 3
4; 1; 4
7; 5; 0
9; 4; 6
10; 6; 2
15; 8; 1
16; 4; 9
18; 9; 8
20; 10; 5
22; 0; 11
23; 11; 8
24; 9; 12
26; 12; 11
27; 9; 13
29; 12; 13
30; 7; 14
31; 14; 10
33; 3; 15
34; 15; 7
35; 7; 16
37; 16; 15
38; 5; 17
39; 17; 12
40; 13; 18
41; 18; 10
42; 18; 17
43; 13; 19
44; 19; 14
45; 18; 19
46; 6; 20
47; 20; 16
48; 19; 20
# Cell2dId; NumCell0d
6; 4
# Cell0dId; X; Y; Z;
8; 3.7256732320525116e-01; 9.4350949248998595e-01; 7.4730885127456237e-02; 
1; 2.9047556488748671e-01; 1.3329262907797839e+00; 7.4730885127456237e-02; 
4; 3.1633348531275762e-01; 1.3383773195065201e+00; 2.8125320776850593e-01; 
9; 4.3337785234321080e-01; 7.4711687442812091e-01; 2.2315579343986958e-01; 
# Cell1ds; IdCell0ds; IdCell0ds;
15; 8; 1; 
4; 1; 4; 
16; 4; 9; 
18; 9; 8; 
# Cell2dId; NumCell0d
10; 4
# Cell0dId; X; Y; Z;
11; 3.8328262212866399e-01; 8.9267957381140683e-01; 7.4730885127456237e-02; 
8; 3.7256732320525116e-01; 9.4350949248998595e-01; 7.4730885127456237e-02; 
9; 4.3337785234321080e-01; 7.4711687442812091e-01; 2.2315579343986958e-01; 
12; 4.3389270318947731e-01; 7.4451605776145213e-01; 2.2290023647722473e-01; 
# Cell1ds; IdCell0ds; IdCell0ds;
23; 11; 8; 
18; 9; 8; 
24; 9; 12; 
26; 12; 11; 
# Cell2dId; NumCell0d
12; 3
# Cell0dId; X; Y; Z;
12; 4.3389270318947731e-01; 7.4451605776145213e-01; 2.2290023647722473e-01; 
9; 4.3337785234321080e-01; 7.4711687442812091e-01; 2.2315579343986958e-01; 
13; 4.3699853418291051e-01; 7.3542358387880702e-01; 2.3199306845957321e-01; 
# Cell1ds; IdCell0ds; IdCell0ds;
24; 9; 12; 
27; 9; 13; 
29; 12; 13; 
# Cell2dId; NumCell0d
16; 3
# Cell0dId; X; Y; Z;
15; 5.7190591954962655e-01; 3.7929721690958751e-01; 6.8953864347993210e-01; 
7; 5.6648985957862952e-01; 3.7815547395415716e-01; 6.4628159626277215e-01; 
16; 4.9582830420699808e-01; 6.6298486641280086e-01; 5.6508940377788242e-01; 
# Cell1ds; IdCell0ds; IdCell0ds;
34; 15; 7; 
35; 7; 16; 
37; 16; 15; 
# Cell2dId; NumCell0d
18; 4
# Cell0dId; X; Y; Z;
10; 5.4877825893165433e-01; 3.7442174586097354e-01; 5.0482238983218708e-01; 
5; 5.0882296823656481e-01; 3.6599889383799433e-01; 1.8570703560270047e-01; 
17; 4.4380389333985421e-01; 6.9444876406551748e-01; 2.1798061039640254e-01; 
18; 4.4649687239240871e-01; 7.0474791743347176e-01; 2.5517638881297283e-01; 
# Cell1ds; IdCell0ds; IdCell0ds;
20; 10; 5; 
38; 5; 17; 
42; 18; 17; 
41; 18; 10; 
# Cell2dId; NumCell0d
19; 4
# Cell0dId; X; Y; Z;
17; 4.4380389333985421e-01; 6.9444876406551748e-01; 2.1798061039640254e-01; 
12; 4.3389270318947731e-01; 7.4451605776145213e-01; 2.2290023647722473e-01; 
13; 4.3699853418291051e-01; 7.3542358387880702e-01; 2.3199306845957321e-01; 
18; 4.4649687239240871e-01; 7.0474791743347176e-01; 2.5517638881297283e-01; 
# Cell1ds; IdCell0ds; IdCell0ds;
39; 17; 12; 
29; 12; 13; 
40; 13; 18; 
42; 18; 17; 
# Cell2dId; NumCell0d
20; 5
# Cell0dId; X; Y; Z;
0; 4.9492804186059458e-01; 3.6306974711677248e-01; 7.4730885127456237e-02; 
11; 3.8328262212866399e-01; 8.9267957381140683e-01; 7.4730885127456237e-02; 
12; 4.3389270318947731e-01; 7.4451605776145213e-01; 2.2290023647722473e-01; 
17; 4.4380389333985421e-01; 6.9444876406551748e-01; 2.1798061039640254e-01; 
5; 5.0882296823656481e-01; 3.6599889383799433e-01; 1.8570703560270047e-01; 
# Cell1ds; IdCell0ds; IdCell0ds;
22; 0; 11; 
26; 12; 11; 
39; 17; 12; 
38; 5; 17; 
7; 5; 0; 
# Cell2dId; NumCell0d
21; 4
# Cell0dId; X; Y; Z;
14; 5.5953585292508023e-01; 3.7668952118568300e-01; 5.9074125960256840e-01; 
10; 5.4877825893165433e-01; 3.7442174586097354e-01; 5.0482238983218708e-01; 
18; 4.4649687239240871e-01; 7.0474791743347176e-01; 2.5517638881297283e-01; 
19; 4.4692175587922606e-01; 7.0637286144857347e-01; 2.6104493502892895e-01; 
# Cell1ds; IdCell0ds; IdCell0ds;
31; 14; 10; 
41; 18; 10; 
45; 18; 19; 
44; 19; 14; 
# Cell2dId; NumCell0d
22; 3
# Cell0dId; X; Y; Z;
18; 4.4649687239240871e-01; 7.0474791743347176e-01; 2.5517638881297283e-01; 
13; 4.3699853418291051e-01; 7.3542358387880702e-01; 2.3199306845957321e-01; 
19; 4.4692175587922606e-01; 7.0637286144857347e-01; 2.6104493502892895e-01; 
# Cell1ds; IdCell0ds; IdCell0ds;
40; 13; 18; 
43; 13; 19; 
45; 18; 19; 
# Cell2dId; NumCell0d
23; 6
# Cell0dId; X; Y; Z;
4; 3.1633348531275762e-01; 1.3383773195065201e+00; 2.8125320776850593e-01; 
6; 3.2768093767931256e-01; 1.3407694410618525e+00; 3.7188316486703948e-01; 
20; 4.6649432405845703e-01; 7.8122709445548033e-01; 5.3138380318584588e-01; 
19; 4.4692175587922606e-01; 7.0637286144857347e-01; 2.6104493502892895e-01; 
13; 4.3699853418291051e-01; 7.3542358387880702e-01; 2.3199306845957321e-01; 
9; 4.3337785234321080e-01; 7.4711687442812091e-01; 2.2315579343986958e-01; 
# Cell1ds; IdCell0ds; IdCell0ds;
9; 4; 6; 
46; 6; 20; 
48; 19; 20; 
43; 13; 19; 
27; 9; 13; 
16; 4; 9; 
# Cell2dId; NumCell0d
24; 5
# Cell0dId; X; Y; Z;
20; 4.6649432405845703e-01; 7.8122709445548033e-01; 5.3138380318584588e-01; 
16; 4.9582830420699808e-01; 6.6298486641280086e-01; 5.6508940377788242e-01; 
7; 5.6648985957862952e-01; 3.7815547395415716e-01; 6.4628159626277215e-01; 
14; 5.5953585292508023e-01; 3.7668952118568300e-01; 5.9074125960256840e-01; 
19; 4.4692175587922606e-01; 7.0637286144857347e-01; 2.6104493502892895e-01; 
# Cell1ds; IdCell0ds; IdCell0ds;
47; 20; 16; 
35; 7; 16; 
30; 7; 14; 
44; 19; 14; 
48; 19; 20; 
# Cell2dId; NumCell0d
25; 6
# Cell0dId; X; Y; Z;
6; 3.2768093767931256e-01; 1.3407694410618525e+00; 3.7188316486703948e-01; 
2; 3.7254054446501084e-01; 1.3502261568857574e+00; 7.3016836467345569e-01; 
3; 5.7699302143811870e-01; 3.8036961322274593e-01; 7.3016836467345581e-01; 
15; 5.7190591954962655e-01; 3.7929721690958751e-01; 6.8953864347993210e-01; 
16; 4.9582830420699808e-01; 6.6298486641280086e-01; 5.6508940377788242e-01; 
20; 4.6649432405845703e-01; 7.8122709445548033e-01; 5.3138380318584588e-01; 
# Cell1ds; IdCell0ds; IdCell0ds;
10; 6; 2; 
2; 2; 3; 
33; 3; 15; 
37; 16; 15; 
47; 20; 16; 
46; 6; 20; 
Number of cell 0d: 21
Number of cell 1d: 32
Number of cell 2d: 12

New Polygonal Mesh
Obtained from fracture 9
Cell0Ds: 
Id; X; Y; Z;
0; 1.6448621719130441e-01; -9.3016540338354381e-02; 4.7999122984809550e-01
1; -2.8340281548114132e-02; 5.2500897665488655e-01; 4.7999122984809550e-01
2; 3.0480226904691443e-01; 6.2895082022938342e-01; 7.3395089425692905e-01
3; 4.9762876778633297e-01; 1.0925303236142381e-02; 7.3395089425692905e-01
4; 6.4940013283212639e-02; 2.2603760697649466e-01; 4.7999122984809550e-01
5; 3.1168966001783821e-01; 6.0687613965712450e-01; 7.3395089425692905e-01
6; 1.4252492023647781e-01; 3.4578376472488759e-01; 5.5984316558047953e-01
7; 4.5619117408804366e-01; 1.4373635584436917e-01; 7.3395089425692905e-01
8; 1.1812127153923965e-01; 5.5587099173371630e-02; 4.7999122984809550e-01
9; 1.8043441432357626e-01; 3.2136444974210898e-01; 5.8088570946185425e-01
10; 2.1090343293491931e-01; 4.5132058225462068e-01; 6.3021969647921483e-01
11; 2.4842593893069370e-01; 6.1136117376789700e-01; 6.9097435508069727e-01
Cell1Ds: 
Id; IdVert1; IdVert2
3; 3; 0
5; 4; 1
6; 2; 5
9; 4; 6
11; 5; 7
12; 7; 3
14; 0; 8
15; 8; 4
16; 6; 9
17; 9; 7
18; 9; 8
19; 6; 10
20; 10; 5
21; 9; 10
22; 1; 11
23; 11; 2
24; 10; 11
# Cell2dId; NumCell0d
6; 5
# Cell0dId; X; Y; Z;
0; 1.6448621719130441e-01; -9.3016540338354381e-02; 4.7999122984809550e-01; 
8; 1.1812127153923965e-01; 5.5587099173371630e-02; 4.7999122984809550e-01; 
9; 1.8043441432357626e-01; 3.2136444974210898e-01; 5.8088570946185425e-01; 
7; 4.5619117408804366e-01; 1.4373635584436917e-01; 7.3395089425692905e-01; 
3; 4.9762876778633297e-01; 1.0925303236142381e-02; 7.3395089425692905e-01; 
# Cell1ds; IdCell0ds; IdCell0ds;
14; 0; 8; 
18; 9; 8; 
17; 9; 7; 
12; 7; 3; 
3; 3; 0; 
# Cell2dId; NumCell0d
7; 4
# Cell0dId; X; Y; Z;
8; 1.1812127153923965e-01; 5.5587099173371630e-02; 4.7999122984809550e-01; 
4; 6.4940013283212639e-02; 2.2603760697649466e-01; 4.7999122984809550e-01; 
6; 1.4252492023647781e-01; 3.4578376472488759e-01; 5.5984316558047953e-01; 
9; 1.8043441432357626e-01; 3.2136444974210898e-01; 5.8088570946185425e-01; 
# Cell1ds; IdCell0ds; IdCell0ds;
15; 8; 4; 
9; 4; 6; 
16; 6; 9; 
18; 9; 8; 
# Cell2dId; NumCell0d
8; 3
# Cell0dId; X; Y; Z;
6; 1.4252492023647781e-01; 3.4578376472488759e-01; 5.5984316558047953e-01; 
10; 2.1090343293491931e-01; 4.5132058225462068e-01; 6.3021969647921483e-01; 
9; 1.8043441432357626e-01; 3.2136444974210898e-01; 5.8088570946185425e-01; 
# Cell1ds; IdCell0ds; IdCell0ds;
19; 6; 10; 
21; 9; 10; 
16; 6; 9; 
# Cell2dId; NumCell0d
9; 4
# Cell0dId; X; Y; Z;
10; 2.1090343293491931e-01; 4.5132058225462068e-01; 6.3021969647921483e-01; 
5; 3.1168966001783821e-01; 6.0687613965712450e-01; 7.3395089425692905e-01; 
7; 4.5619117408804366e-01; 1.4373635584436917e-01; 7.3395089425692905e-01; 
9; 1.8043441432357626e-01; 3.2136444974210898e-01; 5.8088570946185425e-01; 
# Cell1ds; IdCell0ds; IdCell0ds;
20; 10; 5; 
11; 5; 7; 
17; 9; 7; 
21; 9; 10; 
# Cell2dId; NumCell0d
10; 5
# Cell0dId; X; Y; Z;
4; 6.4940013283212639e-02; 2.2603760697649466e-01; 4.7999122984809550e-01; 
1; -2.8340281548114132e-02; 5.2500897665488655e-01; 4.7999122984809550e-01; 
11; 2.4842593893069370e-01; 6.1136117376789700e-01; 6.9097435508069727e-01; 
10; 2.1090343293491931e-01; 4.5132058225462068e-01; 6.3021969647921483e-01; 
6; 1.4252492023647781e-01; 3.4578376472488759e-01; 5.5984316558047953e-01; 
# Cell1ds; IdCell0ds; IdCell0ds;
5; 4; 1; 
22; 1; 11; 
24; 10; 11; 
19; 6; 10; 
9; 4; 6; 
# Cell2dId; NumCell0d
11; 4
# Cell0dId; X; Y; Z;
11; 2.4842593893069370e-01; 6.1136117376789700e-01; 6.9097435508069727e-01; 
2; 3.0480226904691443e-01; 6.2895082022938342e-01; 7.3395089425692905e-01; 
5; 3.1168966001783821e-01; 6.0687613965712450e-01; 7.3395089425692905e-01; 
10; 2.1090343293491931e-01; 4.5132058225462068e-01; 6.3021969647921483e-01; 
# Cell1ds; IdCell0ds; IdCell0ds;
23; 11; 2; 
6; 2; 5; 
20; 10; 5; 
24; 10; 11; 
Number of cell 0d: 12
Number of cell 1d: 17
Number of cell 2d: 6

