#N Traces
481
# TraceId; FractureId1; FractureId2; X1; Y1; Z1; X2; Y2; Z2
0; 0; 2; 6.0654762549414834e-02; 1.0345903503281988e+00; 2.2650869811942531e-01; 5.4654852181428459e-01; 6.9052767800517756e-01; -9.0930588885243413e-02; 
1; 0; 6; 3.6781326790671803e-01; 6.8171494252089015e-01; -1.9404528350684166e-02; 5.2367529081676190e-01; 1.0735186819128368e+00; 4.6597960550042616e-02; 
2; 0; 8; 2.8248513440244244e-01; 5.2491838870804408e-01; -3.6254440306971863e-02; 4.1782091083768885e-01; 5.3004240780159462e-01; -9.0930588885243413e-02; 
3; 0; 11; 7.1815569848489857e-02; 5.8224085486615862e-01; 7.0680125497282933e-02; 1.6097959353991509e-01; 2.3056856008856844e-01; -8.4002032784752989e-02; 
4; 0; 22; -2.0916890436406685e-01; 3.6573223147044071e-01; 1.1539565664922151e-01; -1.1231544745610712e-01; 7.6534186588019071e-01; 2.0859327620463811e-01; 
5; 0; 38; 3.6821996623174570e-02; 1.7031812661146986e-01; -5.2406984008583402e-02; 1.5149291593877606e-01; 6.2582168352711687e-01; 5.2046997701574282e-02; 
6; 0; 39; 2.0351122525888593e-01; 1.0030330066471429e+00; 1.5643983507302264e-01; 3.2995350022406933e-01; 4.5531427352811715e-01; -7.9294657144429639e-02; 
7; 1; 3; -9.6835390357932760e-04; 8.3153831646382070e-01; 8.4919171765252843e-01; 4.5279596528032029e-01; 3.3617419485943989e-01; 6.7759570734018326e-01; 
8; 1; 4; 3.8631052466342075e-01; 6.1379397738286634e-01; 7.8067274338015513e-01; 4.5566810363402327e-01; 3.8173449625880257e-01; 6.9501869969472840e-01; 
9; 1; 5; 2.2475099375301241e-01; 1.1681157113780474e+00; 9.8542638993839837e-01; 6.2282847980780542e-01; 3.7003769166801487e-01; 6.9672134289185728e-01; 
10; 1; 7; -3.8296863823644189e-01; 6.5265985121711112e-01; 7.6714958980140202e-01; -1.4754722965866446e-01; 3.9427008050338946e-01; 6.7759570734018326e-01; 
11; 1; 9; 2.4737078092931314e-01; 3.5605342080728514e-01; 6.7759570734018326e-01; 3.8178907118053834e-01; 6.6944388434470636e-01; 8.0165881330821986e-01; 
12; 1; 10; 5.0961083307961719e-01; 7.0973632576159151e-01; 8.2167545877765980e-01; 5.8365501952545962e-01; 3.2351081711985602e-01; 6.7759570734018326e-01; 
13; 1; 11; -7.3415462871097459e-02; 3.9733272557026406e-01; 6.8148655805889724e-01; -7.0958593573146433e-02; 3.8685851211857164e-01; 6.7759570734018326e-01; 
14; 1; 14; 6.9745247592223758e-01; 3.1249850937799606e-01; 6.7759570734018326e-01; 8.3212151409630175e-01; 3.8387255475346482e-01; 7.0967824647672995e-01; 
15; 1; 17; 3.8808960525450220e-01; 9.2832248409340090e-01; 9.0028962219507536e-01; 8.6970752876353474e-01; 7.7227369332359630e-01; 8.5869098062460802e-01; 
16; 1; 18; 3.7726019182148796e-01; 4.5490379412566878e-01; 7.1994611849282852e-01; 8.2906501404763244e-01; 3.5228771902525102e-01; 6.9756050978110784e-01; 
17; 1; 19; 6.4053352900710436e-01; 1.1278799681823106e+00; 9.8542638993839837e-01; 8.7632886245431751e-01; 8.4069631187258409e-01; 8.8494178283666436e-01; 
18; 1; 21; 7.5849221411552625e-01; 4.0957655255191672e-01; 7.1674000133760329e-01; 8.2501555948069172e-01; 3.1044202779374663e-01; 6.8150612619801643e-01; 
19; 1; 25; -2.7729411385841429e-01; 7.8273481981414883e-01; 8.2047770297365208e-01; -3.6786817254727155e-02; 9.5217799737434972e-01; 8.9372904543905873e-01; 
20; 1; 26; -6.2718862134326342e-02; 6.8592664831997141e-01; 7.9157377941339757e-01; 5.5938689219126114e-01; 6.6480779006532276e-01; 8.0642912824446267e-01; 
21; 1; 27; 8.0147900848814002e-01; 3.3102859003747886e-01; 6.8846529129663991e-01; 8.2499036364008371e-01; 3.1018166251517182e-01; 6.8140623529094946e-01; 
22; 1; 28; 5.6957841550485566e-01; 3.2487302591031175e-01; 6.7759570734018326e-01; 8.2218691665155486e-01; 4.3329187709551381e-01; 7.2809697927517969e-01; 
23; 1; 29; 6.9578898358420094e-01; 3.1265948740099164e-01; 6.7759570734018326e-01; 8.2896926429644580e-01; 3.5129827354378695e-01; 6.9718090230357566e-01; 
24; 1; 30; 7.4317919471503169e-01; 7.5882469990203005e-01; 8.4892503301492628e-01; 8.8334043657939754e-01; 9.1315154282645605e-01; 9.1273972418024485e-01; 
25; 1; 34; -1.4797090185180958e-01; 3.9431107973764579e-01; 6.7759570734018326e-01; 1.9772505182585109e-01; 1.1707310421502735e+00; 9.8542638993839848e-01; 
26; 1; 35; -3.5206503003725853e-02; 3.8339874213572994e-01; 6.7759570734018326e-01; 7.9281883252977570e-01; 6.6058617176359413e-01; 8.1341069975408498e-01; 
27; 1; 36; 6.5981327273671042e-01; 3.1614089736944817e-01; 6.7759570734018326e-01; 7.7108422904993268e-01; 4.0159554998409430e-01; 7.1416960880056657e-01; 
28; 1; 40; 7.1794693722448444e-01; 1.1203885856714080e+00; 9.8542638993839837e-01; 8.4759839871950249e-01; 5.4380543570373685e-01; 7.7103758223532970e-01; 
29; 1; 42; 2.0813666298046501e-01; 3.5985015049275976e-01; 6.7759570734018326e-01; 8.6684385759643279e-01; 9.6988203256510230e-01; 9.3369604633362657e-01; 
30; 1; 43; 6.7003460018143002e-02; 7.0757113793562909e-01; 8.0457229578388445e-01; 8.6738234289919469e-01; 7.4824601055136131e-01; 8.4947259697540023e-01; 
31; 1; 44; 3.8369156713745134e-01; 3.4286150512771085e-01; 6.7759570734018326e-01; 7.9465504659190467e-01; 8.3721762985273807e-01; 8.8061538259264260e-01; 
32; 1; 45; 1.0061783356846243e-01; 1.1801282167907832e+00; 9.8542638993839837e-01; 3.6013511649330687e-01; 3.4754451505014561e-01; 6.7850924299571469e-01; 
33; 1; 46; 7.1068703866665361e-01; 3.1121778586812859e-01; 6.7759570734018326e-01; 7.4354386912080228e-01; 4.3603949445264556e-01; 7.2624865775325165e-01; 
34; 1; 47; 6.0941598883678427e-01; 3.2101789916924922e-01; 6.7759570734018326e-01; 8.4160536768583116e-01; 4.8187548389660018e-01; 7.4727773570552503e-01; 
35; 1; 49; -1.5414247797156530e-01; 5.9389730873264657e-01; 7.5323089079878858e-01; 2.0181360991184935e-02; 8.5657565059000307e-01; 8.5948627925244647e-01; 
36; 2; 6; 9.1175838116803715e-02; 8.6433129057765123e-01; -1.9404528350684166e-02; 7.6742058575228089e-01; 7.0093704895291475e-01; 1.8355588779262286e-02; 
37; 2; 14; 6.1396519400573679e-01; 8.4509236854807557e-01; 1.7256629937814255e-01; 7.6343113989132860e-01; 8.6160258091136410e-01; 2.6091155030355939e-01; 
38; 2; 20; 2.3647386637025869e-02; 1.0014082338993229e+00; 1.6040553214636352e-01; 3.8288654178433640e-01; 7.2782466517578581e-01; -1.0348505767099270e-01; 
39; 2; 39; -4.8894081468948650e-02; 1.0172996151398503e+00; 1.5386778298294990e-01; 3.8997121064151913e-01; 8.5981481705771978e-01; 1.0016453088686038e-01; 
40; 2; 46; 6.5519496031184099e-01; 7.6574584981653693e-01; 6.9389889643447777e-02; 7.5786323948337131e-01; 9.4618011957728310e-01; 3.8713045670184321e-01; 
41; 3; 7; -7.9471294926021729e-02; 7.4924754696803531e-01; 4.1755437961536229e-01; 3.3484651294720266e-02; 6.2574926615842430e-01; 3.7432569487161765e-01; 
42; 3; 9; 2.6596990992874747e-01; 4.3550608300484228e-01; 4.6094089157458656e-01; 3.4486165943068464e-01; 5.5017472040306958e-01; 9.8251063138572503e-01; 
43; 3; 10; 4.6256239646967989e-01; 4.2515064878956554e-01; 9.4752197896478507e-01; 6.3246421982423973e-01; 1.2877995748639945e-01; 5.7874580128221564e-01; 
44; 3; 13; 5.7718272753536359e-01; 1.0707750898983130e-01; 3.7432569487161760e-01; 6.2840432616306041e-01; 1.2452417077193742e-01; 5.5642304916870655e-01; 
45; 3; 14; 3.1224546843333867e-01; 3.5981975642985597e-01; 3.7432569487161765e-01; 6.6914124170319433e-01; 1.6722667443640621e-01; 7.8040922796118595e-01; 
46; 3; 15; 2.4287369216759555e-01; 4.7196266805996978e-01; 5.0054964574939609e-01; 3.3994559166575966e-01; 3.3339466460299549e-01; 3.7432569487161765e-01; 
47; 3; 22; 5.8278696160203092e-02; 6.0209648646382585e-01; 3.7432569487161765e-01; 2.6662727485152438e-01; 4.7699664032329953e-01; 5.7660146622860120e-01; 
48; 3; 23; 4.1231632867588985e-01; 2.6435513885706219e-01; 3.7432569487161765e-01; 6.3146240131252962e-01; 1.2772980044578386e-01; 5.7323744363396778e-01; 
49; 3; 24; 4.1580194258415731e-01; 2.6102996709424686e-01; 3.7432569487161765e-01; 4.1672335544107558e-01; 3.3083705733965180e-01; 5.6843887957485695e-01; 
50; 3; 25; -2.1688286212104634e-02; 8.0981863117098951e-01; 7.3526609512833052e-01; 9.3902643182095305e-02; 5.9890663766892716e-01; 4.5889093718011675e-01; 
51; 3; 26; 1.3403124285470078e-01; 6.8177122022003900e-01; 7.9157377941339757e-01; 3.1851330484109130e-01; 5.7531026524071005e-01; 9.8251063138572492e-01; 
52; 3; 27; 1.9411200291496777e-01; 5.5379878618693945e-01; 5.9753998727135693e-01; 5.9748131752917288e-01; 9.2109102718882757e-02; 3.8639725195665442e-01; 
53; 3; 29; 4.8478551253827756e-01; 1.9522169774876230e-01; 3.7432569487161771e-01; 5.6377615770903056e-01; 3.4133681485665535e-01; 9.8251063138572492e-01; 
54; 3; 30; 3.2014038158364289e-02; 8.4862202515223994e-01; 9.8251063138572492e-01; 2.0592212244750030e-01; 6.3407385650068981e-01; 8.4892503301492628e-01; 
55; 3; 32; 5.7055406464329594e-01; 2.1485050724090410e-01; 6.5291906350081497e-01; 6.5374745754723163e-01; 1.5109012812173950e-01; 6.9576867909947016e-01; 
56; 3; 34; 1.0807580691824966e-02; 8.4388244913919175e-01; 9.1394003147948399e-01; 7.8946680751991849e-02; 6.8492025967562409e-01; 6.5591498944445692e-01; 
57; 3; 35; 3.6648084836838277e-02; 6.6255138612178466e-01; 4.8367642487354928e-01; 4.6947409717333954e-01; 3.9624474177036156e-01; 8.8624936661939779e-01; 
58; 3; 36; 4.7539924944950213e-01; 2.1840924841263593e-01; 4.1341228254238283e-01; 6.5943902359007533e-01; 2.5007729250303207e-01; 9.8251063138572492e-01; 
59; 3; 37; 6.4628275197897089e-01; 2.6262798343337579e-01; 9.8251063138572492e-01; 6.6481559007976898e-01; 1.6269230672958873e-01; 7.5662524321241487e-01; 
60; 3; 38; 3.6374705847172484e-01; 3.1068877478856127e-01; 3.7432569487161760e-01; 5.6225726496229878e-01; 2.2269400551940707e-01; 6.5272298628385006e-01; 
61; 3; 41; 3.9329635137350905e-01; 3.7325695778694029e-01; 6.2355710275709164e-01; 4.4214322777795667e-01; 2.3590116624945617e-01; 3.7432569487161771e-01; 
62; 3; 42; 1.9707159750031009e-01; 5.0830760067339464e-01; 4.8036861102181955e-01; 4.6795995405387592e-01; 4.3274261687580140e-01; 9.8251063138572503e-01; 
63; 3; 43; 6.5669955931566354e-02; 7.2733894076092165e-01; 7.3762081487035003e-01; 2.2408580711597104e-01; 6.6539128319973639e-01; 9.8251063138572503e-01; 
64; 3; 44; 3.3518874167628121e-01; 3.3793255769191310e-01; 3.7432569487161760e-01; 4.8522265175437201e-01; 4.1627451786817571e-01; 9.8251063138572492e-01; 
65; 3; 45; -4.1831099005586167e-02; 7.8870391186243172e-01; 6.2451368277891561e-01; 4.2230253247484789e-01; 3.9489969150753701e-01; 7.5897910793591561e-01; 
66; 3; 47; 3.4147341103801110e-01; 3.3193717046595334e-01; 3.7432569487161765e-01; 6.9349380805930672e-01; 1.9275427121865629e-01; 9.1430837593477376e-01; 
67; 3; 48; 1.9207033455077069e-01; 5.9523475024147943e-01; 7.0597991397119775e-01; 3.8280057554521574e-01; 2.9251228748317809e-01; 3.7432569487161765e-01; 
68; 3; 49; -3.4014259727313326e-03; 8.2898784675909987e-01; 8.3581381438542512e-01; 6.2754880108567418e-03; 8.2837665985936848e-01; 8.5948627925244636e-01; 
69; 4; 5; 4.6389415097888786e-01; 6.9268269796932525e-01; 8.6179942810687349e-01; 6.2545103663029877e-01; 3.7138503411986112e-01; 7.7689597846165981e-01; 
70; 4; 9; 3.1482714663725075e-01; 5.2024545316518156e-01; 6.9501869969472840e-01; 3.3222783682268220e-01; 5.5880152275997486e-01; 7.2412022870665094e-01; 
71; 4; 10; 4.8383322970183285e-01; 7.0900579405752584e-01; 8.8058344223123486e-01; 5.7777802399488509e-01; 2.6164469938719881e-01; 6.9501869969472840e-01; 
72; 4; 13; 6.8587127495856792e-01; 1.5533968736967760e-01; 6.9501869969472840e-01; 8.1739800651622763e-01; 2.5927533929849500e-01; 8.1697178432241802e-01; 
73; 4; 14; 6.1517340304275958e-01; 2.2486797018678201e-01; 6.9501869969472840e-01; 1.0690357626944897e+00; 2.8139691733067229e-01; 9.5790626873801155e-01; 
74; 4; 16; 7.5385780248389844e-01; 8.8477893861052120e-02; 6.9501869969472840e-01; 8.8421809633527693e-01; 4.4813741157020237e-01; 9.5005458365164497e-01; 
75; 4; 17; 5.5963585564386720e-01; 7.9003494800563301e-01; 9.6191342713511796e-01; 9.9801172068563571e-01; 5.1739306829350085e-01; 1.0447615001974575e+00; 
76; 4; 18; 3.8219777862861010e-01; 4.7211626801758033e-01; 7.0449473818896458e-01; 5.0939049418120175e-01; 4.0137593893758300e-01; 7.3290584835305039e-01; 
77; 4; 23; 7.9927988754431822e-01; 4.3807248328972481e-02; 6.9501869969472829e-01; 9.5830621934835147e-01; 1.9270189856701175e-03; 7.5488281501409538e-01; 
78; 4; 26; 4.2913562750071194e-01; 6.5733947444535556e-01; 8.2545356610353937e-01; 5.5859453030240180e-01; 6.2729124999453945e-01; 8.7630199994249502e-01; 
79; 4; 28; 5.3310637647925652e-01; 3.0557732222585188e-01; 6.9501869969472840e-01; 5.8036380986385039e-01; 3.2237778816496604e-01; 7.2809697927517969e-01; 
80; 4; 29; 5.5850623568819402e-01; 2.8059766517624912e-01; 6.9501869969472840e-01; 1.0423631269215001e+00; 4.7908030157632719e-01; 1.0475347020236321e+00; 
81; 4; 32; 6.7605362585530260e-01; 1.6499491835405303e-01; 6.9501869969472840e-01; 1.4687414965162373e+00; -9.5587073289497740e-02; 9.6632754059203174e-01; 
82; 4; 33; 7.9957020098879283e-01; 1.3630395255308764e-01; 7.4352162894876683e-01; 1.3234371730281480e+00; -2.4333567334908357e-01; 8.1438751663497633e-01; 
83; 4; 35; 3.1231217474386042e-01; 5.3855084390356145e-01; 7.0329506603607950e-01; 6.9142226410614571e-01; 5.1568946456199927e-01; 8.8624936661939768e-01; 
84; 4; 36; 5.8769789182553511e-01; 2.5188894072929902e-01; 6.9501869969472840e-01; 7.8718383419360893e-01; 3.8240339543219742e-01; 8.6580484586992978e-01; 
85; 4; 37; 6.8974091348746380e-01; 1.5153406614309478e-01; 6.9501869969472840e-01; 8.7703288526000067e-01; 4.2501399086338437e-01; 9.3427255087296635e-01; 
86; 4; 40; 6.9325989956466494e-01; 9.2590678546831384e-01; 1.1016397611297761e+00; 8.8459777304635545e-01; 1.1400889322831760e-01; 7.7558040094500180e-01; 
87; 4; 42; 3.3357598082882844e-01; 5.0180679000831319e-01; 6.9501869969472840e-01; 7.7735368470998267e-01; 7.5720939030109713e-01; 1.0566850206680658e+00; 
88; 4; 43; 4.8349587551617734e-01; 7.1261415829765851e-01; 8.8229631646022999e-01; 9.5916642395182317e-01; 6.7759848224583352e-01; 1.1085397894129378e+00; 
89; 4; 44; 4.3323042378052357e-01; 4.0380097871914566e-01; 6.9501869969472840e-01; 8.1580119414813557e-01; 8.2083885981210092e-01; 1.1097143854893323e+00; 
90; 4; 47; 5.7071172211968191e-01; 2.6859410001180656e-01; 6.9501869969472840e-01; 1.0298643635474329e+00; 4.2699846651917844e-01; 1.0138825726727001e+00; 
91; 5; 10; 4.5899331479123967e-01; 7.0830183624179965e-01; 9.3734858347018002e-01; 5.9058810128963179e-01; 4.2942778675005688e-01; 6.5491065861714337e-01; 
92; 5; 17; 3.6941482526809621e-01; 8.8358822164602602e-01; 9.4884114155709887e-01; 4.4233807064313202e-01; 7.4936477389598843e-01; 1.0447615001974573e+00; 
93; 5; 18; 5.6486498989018652e-01; 4.7949695899645339e-01; 6.5491065861714337e-01; 6.2395499521358722e-01; 3.7061644062622651e-01; 7.3116023906664485e-01; 
94; 5; 21; 4.6683267427925457e-01; 6.7528929029609430e-01; 7.1674000133760318e-01; 5.2732592637445119e-01; 5.5256548511488790e-01; 6.5491065861714337e-01; 
95; 5; 25; 2.6662386328589338e-01; 1.0792322251526629e+00; 8.9372904543905873e-01; 3.5323676487640027e-01; 8.9142418995510542e-01; 6.5491065861714337e-01; 
96; 5; 26; 4.7024463384778264e-01; 6.7467028081985880e-01; 7.9157377941339757e-01; 5.5650602131044646e-01; 5.2840508145647058e-01; 1.0604730496697419e+00; 
97; 5; 27; 5.8153823339798227e-01; 4.4974336276437787e-01; 6.8846529129663980e-01; 6.0718026945539838e-01; 3.9713168878070843e-01; 6.5491065861714337e-01; 
98; 5; 29; 6.2914864462278697e-01; 3.9504806912951668e-01; 1.1603724531918205e+00; 6.3477384230195888e-01; 3.7617463934175999e-01; 1.0619050737089657e+00; 
99; 5; 30; 1.6631611198204577e-01; 1.2993130668629225e+00; 1.2023360017799849e+00; 4.6282550975738318e-01; 6.9372670407383452e-01; 8.4892503301492628e-01; 
100; 5; 34; 1.2164276406352585e-01; 1.3959182310853320e+00; 1.3222487956077360e+00; 3.0193726227902240e-01; 9.9135777212046916e-01; 6.5591498944445692e-01; 
101; 5; 35; 4.6224558580581360e-01; 6.7924218184822094e-01; 6.5491065861714337e-01; 5.8520329347108757e-01; 4.5852613819598947e-01; 8.8624936661939768e-01; 
102; 5; 42; 4.5727365419381311e-01; 6.8891987971349244e-01; 6.5491065861714337e-01; 5.7093172896932398e-01; 5.0002108410376667e-01; 1.0566850206680660e+00; 
103; 5; 43; 4.1289871770524073e-01; 7.7529420294241380e-01; 6.5491065861714337e-01; 5.0896140969331605e-01; 6.2960022326642617e-01; 1.1679740435271060e+00; 
104; 5; 44; 5.3318776242036792e-01; 5.4115561816273283e-01; 6.5491065861714337e-01; 5.7128390111725225e-01; 5.0360313588462891e-01; 1.1097143854893323e+00; 
105; 5; 45; 4.5873151171140797e-01; 7.1282220032621191e-01; 9.8718727345325197e-01; 5.6456835545519002e-01; 5.0326873089451263e-01; 9.4312881691262240e-01; 
106; 5; 48; 4.5122633404601353e-01; 7.0747175277988150e-01; 7.3917235169736406e-01; 4.8888906176934610e-01; 6.2738155089478165e-01; 6.5491065861714337e-01; 
107; 5; 49; 1.4806878059286652e-01; 1.2907767793451963e+00; 6.5491065861714337e-01; 1.9620996388755974e-01; 1.2135348252080564e+00; 8.5948627925244647e-01; 
108; 6; 12; 6.3189408787721801e-01; 5.0738757484880270e-01; -1.9404528350684166e-02; 6.3527920140985628e-01; 5.1463932165595871e-01; -1.8138847332746483e-02; 
109; 6; 15; 6.0509671141289834e-01; 6.6320510870799543e-01; -9.7535330160222755e-04; 6.2338195650732975e-01; 5.1300667833067382e-01; -1.9404528350684166e-02; 
110; 6; 20; 2.2972222286192950e-01; 7.7287282511317690e-01; -1.9404528350684166e-02; 2.9657754983339135e-01; 9.0477555487677963e-01; 4.0823828972871429e-03; 
111; 6; 31; 4.6856774050298811e-01; 6.1520400851644674e-01; -1.9404528350684166e-02; 4.8718853209635976e-01; 6.4749825309261966e-01; -1.3455762972678822e-02; 
112; 6; 46; 7.1706819565690427e-01; 1.1166813716207258e+00; 6.9389889643447777e-02; 7.5693955604400187e-01; 1.3063728467241602e+00; 9.8210425840754567e-02; 
113; 7; 9; 4.3927464510044319e-02; -1.6540183334928060e-01; 7.9521424746537539e-01; 1.7552205782744076e-01; 2.1174591332922024e-01; 4.6094089157458656e-01; 
114; 7; 11; -4.8753962797910569e-02; 2.0973103438722798e-01; 6.8148655805889713e-01; -3.9028559630701454e-02; 5.6766965089659338e-01; 4.7692601200333234e-01; 
115; 7; 12; 1.9269553009201393e-01; 3.5921962688393100e-01; 3.6377715850204789e-01; 2.8007129027637878e-01; 3.6819774651573117e-01; 2.7339017868663329e-01; 
116; 7; 13; 4.5317745434013845e-01; 1.4724152053729117e-03; 3.0384318473122796e-01; 4.7164186062019553e-01; 2.4202949692600451e-02; 2.7339017868663329e-01; 
117; 7; 14; 1.2383299571784225e-01; -2.6619447587679496e-01; 7.7195191732516266e-01; 2.4731034560761384e-01; 4.2702512529755449e-01; 2.7339017868663329e-01; 
118; 7; 15; 2.5809923333256374e-01; -9.2228156227195657e-03; 5.0054964574939620e-01; 4.2096760610347400e-01; 1.1519646636563716e-01; 2.7339017868663329e-01; 
119; 7; 21; 7.9659691099455587e-02; 6.1222836294896710e-01; 3.3651240773839652e-01; 2.8863751453412156e-01; 3.5281575664226050e-01; 2.7339017868663329e-01; 
120; 7; 22; 6.9977456465768195e-03; 7.6511802887700242e-01; 3.2429887862538198e-01; 2.6542857923967111e-01; -1.6195133955160876e-01; 5.7660146622860131e-01; 
121; 7; 23; -3.8576609669108225e-02; -1.7252917869193973e-02; 7.9521424746537528e-01; 2.9928357649489468e-01; 3.3369909423117106e-01; 2.7339017868663329e-01; 
122; 7; 25; -2.0861859142989414e-01; 6.1873486986461557e-01; 6.1503908311219480e-01; -1.3050653959237046e-02; 5.5411959011864442e-01; 4.5889093718011675e-01; 
123; 7; 27; 1.1004848219889275e-01; 3.9805577730602593e-01; 4.2348272887543537e-01; 4.6745891747637713e-01; 3.1714075615011515e-02; 2.7339017868663329e-01; 
124; 7; 29; -1.1809692083039700e-01; 1.2553818638103456e-01; 7.9521424746537539e-01; 4.0023991361558359e-01; 1.5241626663656296e-01; 2.7339017868663329e-01; 
125; 7; 31; 3.8582464111573261e-02; 7.9231276063183254e-01; 2.7857543048127564e-01; 4.5771050540917346e-02; 7.8892032002354839e-01; 2.7339017868663329e-01; 
126; 7; 34; -2.0278435451182047e-01; 3.7968015411131162e-01; 7.3959387469603577e-01; -1.2849620316989457e-01; 3.9984866208574127e-01; 6.5591498944445692e-01; 
127; 7; 35; -9.9770329145342118e-02; 4.3237754392766009e-01; 6.1008220521371248e-01; -6.7541174579401356e-02; 6.0648037917985120e-01; 4.8367642487354928e-01; 
128; 7; 36; 6.6878153649146704e-02; -2.0661337034678051e-01; 7.9521424746537539e-01; 3.0158511059048332e-01; 7.2602846299134938e-02; 4.1341228254238283e-01; 
129; 7; 38; 2.9210430131736492e-01; 3.4659060100906181e-01; 2.7339017868663329e-01; 3.7957588485494609e-01; -1.2377135905691845e-01; 4.4410688609264753e-01; 
130; 7; 41; 6.1034508493009176e-03; 2.1753603864225710e-01; 6.2355710275709153e-01; 3.9885269485609459e-01; 1.5490723398328640e-01; 2.7339017868663329e-01; 
131; 7; 44; 9.1132498587590038e-02; -3.6981093508204617e-02; 6.7904764687742325e-01; 2.5706689418370765e-01; 2.3800909181337768e-01; 3.6684049542552333e-01; 
132; 7; 47; 1.0158787380669027e-01; -2.6894007904714590e-01; 7.9521424746537550e-01; 2.7306661608412192e-01; 3.3203526701780617e-01; 2.9994936928164978e-01; 
133; 7; 48; 3.0187760011587872e-01; 2.2236145186833661e-01; 3.3152105156830131e-01; 3.8301282215408211e-01; 1.8335019253403806e-01; 2.7339017868663329e-01; 
134; 7; 49; -2.0277802773138420e-01; 6.1788113793238231e-01; 6.0978946436085757e-01; -1.7465307832443486e-01; 7.6867070659162839e-01; 5.0010317660100290e-01; 
135; 8; 12; 2.7959336459326156e-01; 2.1064038864591766e-01; 1.6511825992570550e-01; 7.2890180533345872e-01; 4.5615422899561908e-01; -1.6201749253961883e-01; 
136; 8; 15; 5.0164092380973391e-01; 7.8274143206677860e-02; 1.6511825992570547e-01; 6.3660408589657247e-01; 3.0132280849551496e-01; -2.8289189421111527e-02; 
137; 8; 20; 3.4453144957773785e-01; 6.2900257419908367e-01; -1.2615218978628759e-01; 5.8354744766299937e-01; 6.4108442986912550e-01; -2.2464789408461358e-01; 
138; 8; 24; 4.2290183064078235e-01; 1.7652599247275932e-01; 1.3241822150842406e-01; 7.2671362012242346e-01; 2.1756925936282992e-01; -9.1475786817765137e-03; 
139; 8; 31; 2.4398217031222283e-01; 4.6032874071687829e-01; 1.9531786646467431e-02; 5.6271783113381046e-01; 4.9447663407503745e-01; -1.2330915068863516e-01; 
140; 8; 38; 1.7665206340343051e-01; 3.4738086755427355e-01; 1.1708512347560074e-01; 2.0458016544342650e-01; 2.5535700505407072e-01; 1.6511825992570547e-01; 
141; 8; 39; 2.8887482466755054e-01; 5.3563724775559307e-01; -4.5512343424670948e-02; 3.6186849265677212e-01; 5.0748731595508045e-01; -5.5302319021096544e-02; 
142; 8; 41; 4.5178847020192725e-01; 1.0799202046362240e-01; 1.6511825992570547e-01; 5.9881594758409185e-01; 1.2508011585936629e-01; 9.8376583048174093e-02; 
143; 9; 11; 9.4611241956614016e-03; -2.3311505120980139e-01; 6.8148655805889735e-01; 5.2277564017910207e-02; -9.3150313675912727e-02; 4.6094089157458656e-01; 
144; 9; 14; -1.0019234634827644e-02; -2.8336965696719629e-01; 6.9484529693148689e-01; 1.3571541565862610e-01; 1.1326772065821863e-01; 4.6094089157458651e-01; 
145; 9; 15; 2.4579959338992940e-01; 3.7949296996372966e-01; 5.0054964574939609e-01; 2.7259379136164752e-01; 4.5189299323988930e-01; 4.6094089157458656e-01; 
146; 9; 21; 3.0823134706550748e-01; 5.4005722628534070e-01; 4.6094089157458656e-01; 3.7292862350252581e-01; 6.7302543535217119e-01; 6.3643674768148140e-01; 
147; 9; 22; 1.4672883681111631e-01; 1.4051397281940942e-01; 4.6094089157458656e-01; 2.6651849182043424e-01; 4.1901136259941563e-01; 5.7660146622860120e-01; 
148; 9; 23; 7.9482491919105808e-02; -9.4902762208127461e-02; 9.0834240800497035e-01; 1.7384415957828722e-01; 2.0759493806329016e-01; 4.6094089157458656e-01; 
149; 9; 26; 3.2953622654716486e-01; 4.8693416308330367e-01; 1.1466003649541578e+00; 3.8196318009527019e-01; 6.6937350641555105e-01; 8.0490544774266459e-01; 
150; 9; 27; 2.3997883637583400e-01; 3.7120641316041630e-01; 4.6094089157458656e-01; 3.3886620635318376e-01; 5.8072750850083776e-01; 6.8846529129663980e-01; 
151; 9; 29; 1.3985618205449632e-01; 1.2351161888024895e-01; 4.6094089157458662e-01; 2.5160325481700485e-01; 2.9413472592105716e-01; 1.1466003649541578e+00; 
152; 9; 35; 2.2302266717945610e-01; 2.6361322178968905e-01; 8.8624936661939779e-01; 3.7207475989030475e-01; 6.7337058225577262e-01; 6.2051462784043021e-01; 
153; 9; 36; 2.1957695525175354e-03; -2.8820940164694187e-01; 9.2198677512454230e-01; 1.9476933026006980e-02; -1.7429624014849610e-01; 4.6094089157458651e-01; 
154; 9; 41; 1.6175977398664432e-01; 1.7769921243143083e-01; 4.6094089157458656e-01; 2.2332069765301130e-01; 3.0489629054913953e-01; 6.2355710275709153e-01; 
155; 9; 42; 2.1265178534184692e-01; 2.4814764595116029e-01; 8.2022224259818710e-01; 3.6752322608163740e-01; 6.7521039341321509e-01; 5.3564151025472340e-01; 
156; 9; 43; 3.8642560645781260e-01; 6.2767357265258350e-01; 1.1466003649541578e+00; 3.9369373301784327e-01; 6.6463180767021346e-01; 1.0236467862442025e+00; 
157; 9; 44; 8.7139931498611198e-02; -3.3903723517350437e-02; 6.3587070147305891e-01; 9.2625861852891317e-02; 6.6678883037832870e-03; 4.6094089157458651e-01; 
158; 9; 45; 2.0672333223700395e-01; 2.8114444034268143e-01; 5.1141630520968284e-01; 3.8706762202129436e-01; 6.6731019993408913e-01; 9.0008872397624395e-01; 
159; 9; 47; 3.3488939931840267e-03; -2.4516792030553544e-01; 6.6160758478223269e-01; 9.9627925903300968e-02; 2.3990389652343264e-02; 4.6094089157458651e-01; 
160; 9; 48; 2.5154076366178002e-01; 3.9329059887619439e-01; 5.0317703825149818e-01; 3.7770819284259083e-01; 6.7109344816515382e-01; 7.2556207722114019e-01; 
161; 10; 13; 5.3210835284141211e-01; -1.1425884614332766e-02; 8.1697178432241802e-01; 7.7493587545182685e-01; 3.1749310601268466e-01; 2.4121344727442845e-01; 
162; 10; 14; 4.7986539167370779e-01; -1.8540430061895422e-01; 9.4752197896478507e-01; 7.1557643481735722e-01; 7.1557334636475800e-01; 3.5099484191205560e-01; 
163; 10; 16; 5.9609857957294365e-01; -1.6332086411357311e-01; 6.8068548432664455e-01; 7.4598287692346610e-01; -1.4659161882923608e-01; 3.3735635241855499e-01; 
164; 10; 18; 5.5761774745117509e-01; 3.8754142270331543e-01; 7.3290584835305039e-01; 6.7987750263542546e-01; 7.1456164634835284e-01; 4.3257543245275371e-01; 
165; 10; 21; 5.5892031999475011e-01; 5.9139400448025492e-01; 7.1674000133760318e-01; 7.8625214528723686e-01; -1.3215372197971431e-01; 2.4447100775520453e-01; 
166; 10; 23; 4.9455526541688627e-01; -9.8299772729975546e-02; 9.0834240800497024e-01; 7.9365236232959202e-01; 3.8332090437082766e-01; 1.9421633034161470e-01; 
167; 10; 24; 6.2943133525492434e-01; 3.9507426566052739e-01; 5.6843887957485695e-01; 7.9569501299373968e-01; 3.1124376060454700e-01; 1.9421633034161467e-01; 
168; 10; 26; 4.5785767204527816e-01; 5.9116195198017696e-01; 9.4752197896478507e-01; 5.2381946734961238e-01; 6.7353876239655164e-01; 7.9157377941339757e-01; 
169; 10; 27; 5.7522072777995392e-01; 4.5315328638285074e-01; 6.8846529129663980e-01; 8.1147165267378751e-01; -2.4545207893690391e-01; 1.9421633034161467e-01; 
170; 10; 28; 5.6181162490792913e-01; 3.1386868115947436e-01; 7.2809697927517980e-01; 7.9041949814076196e-01; 4.9739602304139408e-01; 1.9421633034161465e-01; 
171; 10; 29; 4.6586320881373833e-01; 3.0867790577773818e-01; 9.4752197896478507e-01; 7.7395804966029202e-01; 2.4428592500069282e-01; 2.4818354455504210e-01; 
172; 10; 30; 4.9586405633928832e-01; 7.0934674508217987e-01; 8.5309012851601029e-01; 4.9789998996462420e-01; 7.0187098213656807e-01; 8.4892503301492628e-01; 
173; 10; 32; 4.9745027052499702e-01; -5.2459162499564682e-01; 9.2931779830545025e-01; 5.9713594080650145e-01; 2.2915683423522920e-01; 6.5291906350081497e-01; 
174; 10; 35; 4.8990387713461997e-01; 4.0723933315578204e-01; 8.8624936661939768e-01; 5.7295566444887813e-01; 7.1153150458119507e-01; 6.7691738241646415e-01; 
175; 10; 36; 4.7177158184173601e-01; 1.0019455635416369e-01; 9.4752197896478507e-01; 6.9706109506667335e-01; 4.0435336324378146e-01; 4.1341228254238283e-01; 
176; 10; 37; 4.7168141744327130e-01; 1.0337610492965105e-01; 9.4752197896478507e-01; 6.3125976767900571e-01; 4.9014657368557216e-02; 5.8665776211683029e-01; 
177; 10; 38; 5.8839961720957634e-01; 5.4045752115347745e-01; 6.5272298628385006e-01; 5.8903234096052581e-01; 5.8982538688442110e-01; 6.4808356757433383e-01; 
178; 10; 42; 4.6175079395965835e-01; 4.5378892346993194e-01; 9.4752197896478507e-01; 5.3956817376370103e-01; 7.1058531031684613e-01; 7.5321577680225937e-01; 
179; 10; 43; 4.5501844281673615e-01; 6.9134723421316924e-01; 9.4752197896478507e-01; 4.7805969013330707e-01; 7.0884217319496268e-01; 8.9377735977224193e-01; 
180; 10; 44; 4.6342573970199058e-01; 3.9468664661478903e-01; 9.4752197896478507e-01; 6.4504423510809383e-01; 7.1357447908101690e-01; 5.1217777240117668e-01; 
181; 10; 45; 4.5611405574927211e-01; 6.5268734378910720e-01; 9.4752197896478507e-01; 5.0016907383931708e-01; 4.5421346140165775e-01; 8.5977001211021631e-01; 
182; 10; 46; 6.6806286008385796e-01; 3.1232209576762249e-01; 4.8558245314712600e-01; 7.1130319190034019e-01; 7.1545224358478643e-01; 3.6076022309817851e-01; 
183; 10; 47; 4.7588329660846085e-01; -4.4891757996520787e-02; 9.4752197896478507e-01; 7.1723048141267742e-01; 7.1562022168750128e-01; 3.4721495019595727e-01; 
184; 10; 48; 5.5683281101778181e-01; 7.1107458640230914e-01; 7.1376195517305951e-01; 7.7900380333746533e-01; 2.5917819276696114e-01; 2.3569834850292165e-01; 
185; 11; 12; 4.9841298421381033e-02; 1.3053938475481591e-01; 3.6377715850204784e-01; 2.2294448034524039e-01; -2.4080250509993373e-01; -8.4002032784752989e-02; 
186; 11; 14; 1.1661537193133575e-02; -2.4985374100571242e-01; 6.8148655805889724e-01; 6.7412972940021021e-02; 4.0060362203810340e-01; 1.7256629937814255e-01; 
187; 11; 20; 1.0150889605342932e-01; 5.8614424167337986e-01; -3.8146491519935606e-02; 1.2592385962805636e-01; 4.9723988778600592e-01; -8.4002032784752989e-02; 
188; 11; 21; 2.7927991421003408e-02; 5.5544507189841918e-01; 2.4148723495030691e-01; 5.4474243846576259e-02; 4.7061124293012685e-01; 1.8602534096163387e-01; 
189; 11; 22; 3.4572906777863843e-03; 5.7325470076413376e-01; 3.2121454578828934e-01; 1.1219301645315459e-01; -4.8060141801824607e-01; 4.2857942915743585e-01; 
190; 11; 23; -2.9039139751617756e-02; 5.9759048340846277e-02; 6.8148655805889724e-01; 6.4141766369559400e-02; 3.9379095483539306e-01; 1.8757820061827368e-01; 
191; 11; 25; -4.1410447343974616e-02; 5.6735653578742362e-01; 4.8565567671523913e-01; -3.1240116694249767e-02; 5.4650269233053228e-01; 4.5889093718011675e-01; 
192; 11; 27; 4.8480665249669222e-02; 2.8399016382443676e-01; 2.9600382563275257e-01; 1.2318068575284404e-01; 5.6949329275854145e-02; 1.3440567176761081e-01; 
193; 11; 29; -3.7355878593971943e-02; 1.2302504056853111e-01; 6.8148655805889724e-01; 9.0317240959518819e-02; 6.6706893606901047e-02; 2.4818354455504210e-01; 
194; 11; 31; 4.3249470988402018e-02; 5.7848564965086346e-01; 1.7537543241125353e-01; 1.6991880087752292e-01; 1.6256740811507736e-01; -8.4002032784752989e-02; 
195; 11; 34; -8.4910786572765976e-02; 4.8477842679401661e-01; 6.8148655805889713e-01; -7.6111694381615108e-02; 4.7183635974453064e-01; 6.5591498944445692e-01; 
196; 11; 35; -6.7599493117524348e-02; 3.7259877833476185e-01; 6.7224718281881646e-01; -5.1655669808882559e-02; 5.6600973260577414e-01; 5.2320461595328471e-01; 
197; 11; 36; 9.1224960694344798e-03; -2.3053908425832695e-01; 6.8148655805889735e-01; 6.9295990582837586e-02; -1.2225610511158744e-01; 4.1341228254238283e-01; 
198; 11; 38; 9.6117138650747017e-02; 5.8543545901400007e-01; -1.8385595961732663e-02; 1.8309042135466030e-01; -6.0429661531358447e-01; 2.3173596813135222e-01; 
199; 11; 39; 9.9319495104413666e-02; 5.8585643023989065e-01; -3.0122294536034697e-02; 1.2801121703707136e-01; 4.7142180704690095e-01; -7.9294657144429639e-02; 
200; 11; 41; -3.1702052826777377e-02; 2.0233145257366891e-01; 6.2355710275709153e-01; 1.4805613593459835e-01; -5.6206090805352230e-02; 9.8376583048174093e-02; 
201; 11; 44; 6.3756139069601245e-02; -1.5880086220925411e-02; 3.8299061040548987e-01; 6.7238846330834351e-02; -8.2730317775254070e-03; 3.6684049542552333e-01; 
202; 11; 47; 1.2232155944152542e-02; -2.5419447625678093e-01; 6.8148655805889735e-01; 6.7005512565624481e-02; 1.3473956491037864e-01; 2.9994936928164978e-01; 
203; 12; 14; 8.5928766346404922e-02; 1.8830799830172307e-01; 3.6377715850204784e-01; 4.5932242069356288e-01; 6.2455774085315374e-01; 2.5227045729502923e-01; 
204; 12; 15; 3.3944137312245087e-01; 5.9412953835937843e-01; 3.6377715850204789e-01; 6.3055859382360191e-01; 4.9238353965201875e-01; -2.8289189421111527e-02; 
205; 12; 21; 2.6429414335249807e-01; 4.7383428005197076e-01; 3.6377715850204784e-01; 2.8938807337424099e-01; 2.5659596740440527e-01; 1.8602534096163387e-01; 
206; 12; 22; -8.5047936796966497e-02; -2.6909936787229838e-01; 2.3691819893367999e-01; 4.6506550705355254e-02; 1.2520113956444223e-01; 3.6377715850204784e-01; 
207; 12; 23; 1.3929718648771292e-01; 2.7373986193808431e-01; 3.6377715850204789e-01; 3.7211310449796475e-01; 3.9127047663771763e-01; 1.8757820061827368e-01; 
208; 12; 27; 1.5776953987997394e-01; 3.0331030025856998e-01; 3.6377715850204784e-01; 1.8913068861540658e-01; 2.1352293674074041e-02; 1.3440567176761081e-01; 
209; 12; 28; 4.8852587077421139e-01; 3.8001694414435222e-01; 5.1122345257972573e-02; 4.9335505076298825e-01; 3.8274131653027743e-01; 4.7665379338182268e-02; 
210; 12; 29; 1.2202617707510480e-02; 7.0287598592027767e-02; 3.6377715850204784e-01; 1.1922686518446665e-01; 7.4216309373904735e-02; 2.4818354455504210e-01; 
211; 12; 38; 5.1908123196616626e-02; -3.5465443175041844e-01; 2.6444963422867826e-02; 3.6594402829048300e-01; 6.0817882573165227e-01; 3.4418228449351368e-01; 
212; 12; 41; 5.6874057108159681e-04; 5.1664154194574541e-02; 3.6377715850204784e-01; 1.8173541257402043e-01; -4.2660987299274505e-02; 9.8376583048174093e-02; 
213; 12; 47; -5.6675683763324464e-02; -3.9972394924361249e-02; 3.6377715850204784e-01; 1.7450056109459039e-01; 2.3766200252942460e-01; 2.9994936928164978e-01; 
214; 13; 14; 7.0714321877068931e-01; 1.5465848551316269e-01; 8.1697178432241802e-01; 1.0597371242589944e+00; 4.9725883735704324e-01; 7.7000034803743533e-01; 
215; 13; 15; 4.4784673616514864e-01; 7.0904124940391576e-03; 2.4144385733110493e-01; 4.4800978559608839e-01; 7.2845459999947536e-03; 2.4121344727442848e-01; 
216; 13; 16; 8.1225258758272278e-01; 2.5439303394706564e-01; 8.1697178432241802e-01; 1.1094381395139479e+00; 5.7418199200290210e-01; 5.9603929322432836e-01; 
217; 13; 18; 8.4925146018962638e-01; 3.0388309551735082e-01; 7.3290584835305039e-01; 1.0959564359239875e+00; 5.8839024157241604e-01; 4.3822767974075583e-01; 
218; 13; 19; 1.1134981232783820e+00; 5.4023422783782471e-01; 8.1697178432241802e-01; 1.1205447997924953e+00; 5.6247677981896693e-01; 7.2604956731733883e-01; 
219; 13; 21; 5.3680528880272460e-01; 9.1539446541849867e-02; 2.4121344727442845e-01; 8.6013510956663186e-01; 3.1697607722469157e-01; 7.1674000133760329e-01; 
220; 13; 23; 5.0572945817748849e-01; -3.6455881247617797e-02; 8.1697178432241802e-01; 8.1059143203013528e-01; 3.5132539779303390e-01; 2.4121344727442845e-01; 
221; 13; 24; 7.8160681334188131e-01; 3.2382292214244363e-01; 2.4121344727442845e-01; 1.0493496452951185e+00; 5.2188840767536204e-01; 5.6843887957485695e-01; 
222; 13; 27; 4.4796806073751683e-01; 6.9625495877217438e-03; 2.4286403590073996e-01; 8.4505727391949470e-01; 3.0750687663806442e-01; 6.8846529129663980e-01; 
223; 13; 29; 6.7080056187671744e-01; 2.1749026486969844e-01; 2.4818354455504210e-01; 9.8247389698132692e-01; 4.1590999117527644e-01; 8.1697178432241813e-01; 
224; 13; 32; 4.9004440644883862e-01; -3.7381343366934446e-02; 7.3539348233814006e-01; 9.6437353160346750e-01; 4.2680357016509762e-01; 6.5291906350081508e-01; 
225; 13; 33; 7.2972517671997950e-01; 1.8865255631906100e-01; 7.4352162894876694e-01; 7.4505623047101943e-01; 1.9063279631378854e-01; 8.1697178432241802e-01; 
226; 13; 37; 4.8394722432846798e-01; -3.0955576425913959e-02; 6.6402222412152823e-01; 9.2204795814931728e-01; 3.6944754624763165e-01; 7.5341837145914425e-01; 
227; 13; 38; 4.7524942437267576e-01; -2.1789041080215378e-02; 5.6220913828843777e-01; 5.4642586754197131e-01; 3.0261417430197113e-02; 6.5272298628385017e-01; 
228; 13; 40; 8.5343865453655610e-01; 2.9347303067651781e-01; 8.1697178432241802e-01; 1.0012680572281885e+00; 5.1273198791332331e-01; 3.5530122333459374e-01; 
229; 13; 48; 6.9310991727847115e-01; 2.3985135931753418e-01; 2.4121344727442845e-01; 1.0971487960758535e+00; 5.8713362363081778e-01; 4.5218498700269572e-01; 
230; 14; 15; 2.5270317034353229e-01; 1.6131346622278653e-01; 5.0054964574939620e-01; 4.4650225705242480e-01; 6.5818690580020900e-01; 2.1521873485086562e-01; 
231; 14; 16; 5.2698005064787645e-01; -1.1842300218193474e-01; 9.2341403406296774e-01; 1.0313917808123105e+00; 5.3211283656241570e-01; 7.2129968865851268e-01; 
232; 14; 18; 7.8898311252341924e-01; 3.2117173166532192e-01; 7.3290584835305039e-01; 7.9490196207024222e-01; 7.9172675800116787e-01; 3.4120428592142854e-01; 
233; 14; 21; 1.1045837071836219e-01; 4.1960761167681565e-01; 1.8602534096163384e-01; 8.1299576422750386e-01; 3.5992178204394554e-01; 7.1674000133760329e-01; 
234; 14; 22; -1.5048255332365512e-01; 2.2339803105135123e-01; 1.7256629937814255e-01; 2.6588550562265306e-01; 8.1606896977259091e-02; 5.7660146622860120e-01; 
235; 14; 23; 8.0816242912485597e-02; 3.9365448871215092e-01; 1.8757820061827368e-01; 5.2933855431559917e-01; -9.8584443770616662e-02; 9.0834240800497024e-01; 
236; 14; 24; 3.8810329906769997e-01; 2.9175399731420415e-01; 4.8345566987582078e-01; 6.4528387780634744e-01; 3.9986168867673255e-01; 5.6843887957485695e-01; 
237; 14; 27; 3.5470446210317967e-02; 2.5988635943784694e-01; 2.6906558847791895e-01; 7.6219916307592706e-01; 3.5223019723808602e-01; 6.8846529129663991e-01; 
238; 14; 28; 5.1625741115709189e-01; 3.1955458705285505e-01; 5.4772866131156972e-01; 1.0326919182063687e+00; 5.3051416171183174e-01; 7.2353347878678986e-01; 
239; 14; 29; -2.7026750205033345e-01; -1.7629853439615026e-02; 2.9334769865491328e-01; 1.0538707128400640e+00; 4.3477858823881638e-01; 8.1853550803938813e-01; 
240; 14; 32; 2.4108431638546152e-01; -8.8439787232206996e-02; 7.0265210506393894e-01; 4.8407239100738486e-01; 1.6830619658143225e-01; 6.5291906350081497e-01; 
241; 14; 33; 6.8384167747841595e-01; 2.2304208007308807e-01; 7.4352162894876694e-01; 8.7211559163159569e-01; 1.2124973171023204e-01; 9.5790626873801166e-01; 
242; 14; 36; -2.5574012377942372e-02; -2.5510536326055949e-01; 6.6043517626164894e-01; 7.6317622551455666e-01; 4.1102259025579274e-01; 6.3968753423222957e-01; 
243; 14; 37; 2.2913922340150225e-01; -1.8188506282482395e-01; 7.7307205664184087e-01; 9.1683885785206698e-01; 3.7587764098227250e-01; 7.7434664057602276e-01; 
244; 14; 38; 2.3312103741975376e-01; 5.3536726772153009e-01; 1.7256629937814255e-01; 5.6308869063998812e-01; 2.3280008716929104e-01; 6.5272298628385006e-01; 
245; 14; 40; 8.2643295902290748e-01; 1.0877861704873605e-01; 9.3714909741112451e-01; 9.2253760601851553e-01; 6.6596209927820305e-01; 5.3427531555194774e-01; 
246; 14; 41; -2.9711731264534130e-01; -8.7158061119553917e-02; 3.3345829183662912e-01; 5.0966851677085756e-01; 3.5217230383140785e-01; 5.1578962027288933e-01; 
247; 14; 44; 7.8241190757319640e-02; -2.7044798644369514e-02; 5.3963676611479117e-01; 4.3436449854146986e-01; 4.6803426987690738e-01; 3.6684049542552333e-01; 
248; 14; 46; 7.0528700016639823e-01; 9.1936068836247531e-01; 1.7256629937814255e-01; 7.1344385216414830e-01; 3.0432099975790322e-01; 6.9541090433871788e-01; 
249; 14; 47; 1.7839571559308223e-02; -2.6030238587225329e-01; 6.9449977381602279e-01; 7.7775849759418370e-01; 7.8200446243837018e-01; 3.3765532606567361e-01; 
250; 14; 48; 2.8010501605641158e-01; 2.9629476757909312e-01; 4.0576875290683778e-01; 9.3477936463061084e-01; 6.5090938891888461e-01; 5.5530810767485994e-01; 
251; 15; 21; 2.3730394391452816e-01; 6.4798807025122651e-01; 5.0054964574939609e-01; 4.8632326864942232e-01; 7.7180646636471326e-02; 1.8602534096163387e-01; 
252; 15; 23; 2.5210855093402729e-01; 1.8010571965205016e-01; 5.0054964574939609e-01; 4.7527135828139799e-01; 3.9042621583360670e-01; 1.8757820061827368e-01; 
253; 15; 24; 4.0760114764191979e-01; 2.2719098018833647e-01; 2.8676705392737051e-01; 6.2615920742748754e-01; 1.8720211111798840e-01; -9.1475786817765137e-03; 
254; 15; 27; 2.4469419605771570e-01; 4.1442776434638379e-01; 5.0054964574939609e-01; 5.3184777784166626e-01; -1.6363196556772441e-01; 1.3440567176761081e-01; 
255; 15; 28; 4.9472409267283318e-01; 3.6650312195515422e-01; 1.6211784354834149e-01; 5.7703926260163818e-01; 4.2112374506347477e-01; 4.7665379338182268e-02; 
256; 15; 29; 2.5271288822788673e-01; 1.6100634381361659e-01; 5.0054964574939620e-01; 4.3815246512897466e-01; 1.5705878806159573e-01; 2.4818354455504207e-01; 
257; 15; 36; 2.5728064371038578e-01; 1.6647755348617760e-02; 5.0054964574939620e-01; 3.1903275292228411e-01; 8.7239043161270055e-02; 4.1341228254238283e-01; 
258; 15; 38; 3.3607288014927272e-01; -3.2978222445563621e-01; 4.0817626679679414e-01; 3.5965756506967128e-01; 6.0869601202844925e-01; 3.3561857169305565e-01; 
259; 15; 41; 2.5026886378723817e-01; 2.3824688783524395e-01; 5.0054964574939609e-01; 5.4979275960580465e-01; 1.0536401083511064e-01; 9.8376583048174093e-02; 
260; 15; 42; 2.4053547335846290e-01; 5.4585934841030070e-01; 5.0054964574939609e-01; 2.5428714940880670e-01; 5.7959445013033561e-01; 4.8036861102181955e-01; 
261; 15; 44; 2.5132136357297519e-01; 2.0498385875874278e-01; 5.0054964574939609e-01; 3.4485628766374959e-01; 3.5190668755633914e-01; 3.6684049542552333e-01; 
262; 15; 47; 2.5349219406622392e-01; 1.3637729104669152e-01; 5.0054964574939609e-01; 3.9103001130200549e-01; 4.4498075010554039e-01; 2.9994936928164972e-01; 
263; 15; 48; 2.5657137663652063e-01; 3.7620811127324044e-01; 4.8602191102001585e-01; 4.4718119591667727e-01; 1.6145992403456672e-01; 2.3569834850292165e-01; 
264; 16; 17; 9.9624504780630740e-01; 6.2059858794931944e-01; 9.5005458365164497e-01; 1.0732849575055297e+00; 6.8409016616304097e-01; 8.6164678355892077e-01; 
265; 16; 18; 8.7385480807538674e-01; 2.9682535549144712e-01; 7.3290584835305039e-01; 1.2037467449916237e+00; 5.9934508531423436e-01; 4.0349466480016433e-01; 
266; 16; 19; 1.0077015213280327e+00; 6.3823538761911891e-01; 9.5005458365164497e-01; 1.2037716453046392e+00; 5.7530778934630267e-01; 3.6487126821108318e-01; 
267; 16; 21; 8.0829571707606895e-01; -5.0663401778531653e-02; 3.3735635241855499e-01; 8.8108943036168297e-01; 2.9788590808724996e-01; 7.1674000133760329e-01; 
268; 16; 23; 5.4588144197020128e-01; -9.8719832952978287e-02; 9.0834240800497024e-01; 9.6018850405572753e-01; 2.3191898662258162e-01; 4.1556254632247863e-01; 
269; 16; 24; 1.0957468349638888e+00; 5.3590022773431933e-01; 5.6843887957485695e-01; 1.1452617509006504e+00; 4.6808282696465076e-01; 3.3735635241855499e-01; 
270; 16; 27; 7.9498242906338779e-01; -7.1158695830469881e-02; 3.3735635241855499e-01; 8.8483947884047898e-01; 2.8603411691975555e-01; 6.8846529129663980e-01; 
271; 16; 28; 1.0248184019967750e+00; 5.2623041751977184e-01; 7.2809697927517969e-01; 1.1688170060453373e+00; 6.2203466828002241e-01; 5.2615996177562629e-01; 
272; 16; 29; 8.6056675770591995e-01; 4.1172708682781628e-01; 9.5005458365164497e-01; 1.0601377191798931e+00; 3.3703765920882400e-01; 3.3735635241855499e-01; 
273; 16; 32; 5.6420388482433181e-01; -1.4260277847943886e-01; 7.9269239652534407e-01; 1.0048098029135002e+00; 4.4856631242756151e-01; 6.5291906350081497e-01; 
274; 16; 33; 7.3681544948900268e-01; 2.2121671487448127e-01; 9.5005458365164497e-01; 7.7651150552649661e-01; 1.5358636493324873e-01; 7.4352162894876672e-01; 
275; 16; 37; 8.7150624678327759e-01; 4.2856800886036367e-01; 9.5005458365164497e-01; 9.2853552491143676e-01; 2.8984147241101232e-01; 5.8665776211683029e-01; 
276; 16; 40; 8.0254042238323942e-01; 3.2239777884154641e-01; 9.5005458365164497e-01; 1.0214205835487522e+00; 2.8861993239429251e-01; 3.5530122333459374e-01; 
277; 16; 47; 7.0501230512817370e-01; 1.7225699922568233e-01; 9.5005458365164497e-01; 9.9769717735139019e-01; 5.5229440503177663e-01; 8.3689110005931266e-01; 
278; 16; 48; 1.1524594226364702e+00; 4.7916336533912585e-01; 3.3735635241855499e-01; 1.1920145327707479e+00; 6.0696606991326452e-01; 4.4469552514629795e-01; 
279; 17; 19; 7.9396479306318546e-01; 1.0385658777130395e+00; 6.4179285414205822e-01; 1.0880695983852726e+00; 5.0249457350536342e-01; 1.0237835172789069e+00; 
280; 17; 25; 4.3517452165953863e-01; 1.0411114438192381e+00; 7.7787617303195378e-01; 5.4826219235654827e-01; 1.0445471726974112e+00; 7.3106678562394289e-01; 
281; 17; 30; 3.6648480820789864e-01; 8.7656954982008872e-01; 9.5645872956256905e-01; 8.6145001538987109e-01; 7.8628712969691938e-01; 8.4892503301492628e-01; 
282; 17; 40; 7.4098754041993642e-01; 6.2469046753630275e-01; 1.0447615001974575e+00; 8.5219915697378457e-01; 1.0142553409078765e+00; 6.4179285414205811e-01; 
283; 17; 42; 6.8266246168211731e-01; 6.4903887418321937e-01; 1.0447615001974575e+00; 7.4548548518481894e-01; 1.0588040656028426e+00; 6.4179285414205822e-01; 
284; 17; 43; 6.2322221235985931e-01; 6.7385282031089089e-01; 1.0447615001974573e+00; 9.5383024985194687e-01; 7.5670167998599558e-01; 8.4062553103497772e-01; 
285; 17; 44; 6.7596326315316113e-01; 6.5183552381526999e-01; 1.0447615001974575e+00; 7.8960239951138456e-01; 8.4111208275821125e-01; 8.2597438037996951e-01; 
286; 17; 45; 3.5481554731653481e-01; 8.4861656833055288e-01; 9.8679699038920143e-01; 3.5598580583703532e-01; 8.4770576565631650e-01; 9.8718727345325208e-01; 
287; 17; 46; 8.2840635648040462e-01; 1.0241878912656033e+00; 6.4179285414205822e-01; 8.3094269227362916e-01; 9.3175224386936950e-01; 7.2624865775325165e-01; 
288; 17; 48; 9.6926037040938717e-01; 8.6002732930119297e-01; 7.3917235169736406e-01; 1.2540065179105149e+00; 8.4251143795693628e-01; 6.4549475802198308e-01; 
289; 18; 19; 1.1384341658636463e+00; 6.6464680798927200e-01; 3.6487126821108318e-01; 1.1939570744617394e+00; 5.6412836249390941e-01; 4.3503380488084092e-01; 
290; 18; 21; 4.1633074197779441e-01; 5.9110409819688270e-01; 5.9768114316611631e-01; 8.5488788784900049e-01; 3.2175649225560476e-01; 7.1674000133760329e-01; 
291; 18; 24; 9.1838951054423734e-01; 4.8233881736340245e-01; 5.6843887957485695e-01; 1.2695743655576417e+00; 5.4102969554627578e-01; 4.3620083039916380e-01; 
292; 18; 27; 3.9577399958678616e-01; 5.1944310153397788e-01; 6.6201014777903222e-01; 6.4276582708942998e-01; 4.1669528485924373e-01; 6.8846529129663980e-01; 
293; 18; 28; 6.6679550768794482e-01; 3.6202037297095724e-01; 7.2809697927517969e-01; 1.2159985643720574e+00; 6.7093058186134913e-01; 3.4120428592142854e-01; 
294; 18; 29; 7.3937324273794436e-01; 3.3540286660234653e-01; 7.3290584835305039e-01; 1.0644978586100637e+00; 3.9386637877714381e-01; 6.0705693791138271e-01; 
295; 18; 32; 8.9224678297673454e-01; 3.8798505921590298e-01; 6.5291906350081486e-01; 1.0209223891452863e+00; 2.5463740780849786e-01; 7.3290584835305050e-01; 
296; 18; 36; 7.0779240393988219e-01; 3.4446217637887072e-01; 7.3290584835305039e-01; 7.6604126535516559e-01; 4.0760720913758530e-01; 6.6667210879582028e-01; 
297; 18; 37; 8.5275873734106566e-01; 3.0287699462211543e-01; 7.3290584835305039e-01; 9.4124507442919891e-01; 3.4575069472478615e-01; 6.7629134513073208e-01; 
298; 18; 38; 5.3000069977072040e-01; 5.9468191031077933e-01; 5.6766791834002284e-01; 5.8316940867472988e-01; 4.7688369138438391e-01; 6.5272298628385006e-01; 
299; 18; 40; 8.8390494155697386e-01; 2.9394236453964562e-01; 7.3290584835305039e-01; 9.8254904442104918e-01; 7.2090223767571626e-01; 3.5530122333459374e-01; 
300; 18; 44; 4.5006354176520424e-01; 4.1839452553910828e-01; 7.3290584835305039e-01; 6.8445554802672059e-01; 7.9250136235864088e-01; 3.6684049542552333e-01; 
301; 18; 46; 7.2397724914959105e-01; 8.1207228933007758e-01; 3.4120428592142854e-01; 7.2780105836230713e-01; 3.4674868110845769e-01; 7.2624865775325154e-01; 
302; 18; 47; 6.9013821148005794e-01; 3.4952647499901179e-01; 7.3290584835305039e-01; 7.8731778219256643e-01; 7.7202048046537430e-01; 3.5935381425596075e-01; 
303; 18; 48; 4.0918257407368214e-01; 5.6618551788006499e-01; 6.2005017991965705e-01; 1.3300909257457056e+00; 5.8415108303621710e-01; 3.8603578089564072e-01; 
304; 19; 24; 1.1650813082451272e+00; 5.5683904257277950e-01; 5.6843887957485695e-01; 1.1759449024950879e+00; 5.5095528388352166e-01; 5.4285299141736831e-01; 
305; 19; 28; 1.1159571106894586e+00; 5.6803191025234956e-01; 7.2809697927517969e-01; 1.1563855958145501e+00; 6.4010097076425121e-01; 3.6487126821108318e-01; 
306; 19; 30; 6.6913427144058391e-01; 1.0753246138486086e+00; 1.0237835172789067e+00; 9.1607886219841594e-01; 7.9897192262974281e-01; 8.4892503301492628e-01; 
307; 19; 40; 7.1353862118323819e-01; 1.0146084511893099e+00; 1.0237835172789067e+00; 9.6250309741647144e-01; 9.0520565933085617e-01; 3.6487126821108318e-01; 
308; 19; 42; 7.7412804477599839e-01; 1.0442966888667562e+00; 7.0280994299924449e-01; 8.3210328158519875e-01; 8.5248939644961441e-01; 1.0237835172789069e+00; 
309; 19; 43; 9.4244836616629657e-01; 7.0160935557730464e-01; 1.0237835172789069e+00; 9.5227725765432769e-01; 7.7972316440496336e-01; 7.6265417082363096e-01; 
310; 19; 46; 7.8779357118414040e-01; 1.1440942383625994e+00; 3.6487126821108318e-01; 8.3472740966811143e-01; 9.5321858171814622e-01; 7.2624865775325154e-01; 
311; 19; 48; 9.1191831671124468e-01; 8.4314069744540499e-01; 7.3917235169736406e-01; 1.1987231991000453e+00; 5.6761403510704844e-01; 4.0650422597246394e-01; 
312; 20; 22; -3.2996339984851963e-01; 2.0896419750792203e-01; -1.4608363765962196e-03; -1.7161160276731507e-01; 7.6545310817754519e-01; 1.5109001782136242e-01; 
313; 20; 38; 6.4789996798703064e-02; 5.1027261796584644e-01; -5.2406984008583402e-02; 9.8928892649917777e-02; 6.3014611709089297e-01; -1.9558161395221509e-02; 
314; 20; 39; 4.5870693337064367e-02; 1.0156068971260297e+00; 1.5643983507302262e-01; 9.3813900712336862e-02; 4.7414948948299113e-01; -7.9294657144429639e-02; 
315; 21; 22; 1.4700274281509365e-01; 6.8614745181652226e-01; 4.6021383578216241e-01; 2.6705323778018242e-01; 7.0405023931566002e-01; 5.7660146622860120e-01; 
316; 21; 23; 1.4135355339676334e-01; 3.9315904334977136e-01; 1.8757820061827368e-01; 9.5914100078481601e-01; 1.0392701099902404e-01; 6.0439640867509703e-01; 
317; 21; 24; 4.1129395756463405e-01; 2.1496301824806324e-01; 2.4951506328365794e-01; 6.0462574366864330e-01; 3.8758304715690106e-01; 5.6843887957485695e-01; 
318; 21; 25; 1.9479849323399173e-01; 6.4115710918014335e-01; 4.5889093718011675e-01; 2.0804357652706984e-01; 7.5314891220114943e-01; 5.7233881537230002e-01; 
319; 21; 27; 8.2428168534435020e-01; 3.1872066487244177e-01; 6.8846529129663980e-01; 8.7205501248268691e-01; -3.7972219898502649e-02; 4.0208099025414235e-01; 
320; 21; 28; 5.1022012273914052e-01; 3.3271753015485023e-01; 4.3961510112712587e-01; 7.6128491745594529e-01; 4.0703229546810377e-01; 7.1674000133760329e-01; 
321; 21; 29; 4.6546651004167139e-01; 1.6415374432709601e-01; 2.4818354455504210e-01; 8.2045527119149719e-01; 3.5312589249842574e-01; 7.1674000133760329e-01; 
322; 21; 32; 7.7490634476247355e-01; 3.2483260645283279e-01; 6.5291906350081497e-01; 9.3460693337392198e-01; 2.4912946332772981e-01; 7.1674000133760329e-01; 
323; 21; 35; 1.6987171181312738e-01; 7.1124957161372282e-01; 5.0222149731331422e-01; 5.1531055238819090e-01; 6.3112413211342311e-01; 7.1674000133760318e-01; 
324; 21; 36; 5.4247609255589946e-01; 2.7467758896695854e-01; 4.1341228254238283e-01; 7.6940611574831785e-01; 3.9963358040038799e-01; 7.1674000133760329e-01; 
325; 21; 37; 8.2544778183287582e-01; 2.0632880031607997e-01; 5.8665776211683029e-01; 8.6963452909680850e-01; 3.0832175111637805e-01; 7.1674000133760318e-01; 
326; 21; 38; 2.2496224650443672e-01; 3.1529030275382680e-01; 1.8602534096163387e-01; 5.8488483311105621e-01; 4.9773488696677004e-01; 6.5272298628385006e-01; 
327; 21; 40; 8.9016019777587629e-01; 2.8962210007185302e-01; 7.1674000133760329e-01; 9.4526938550753448e-01; 1.1946458486526815e-01; 6.0704838545710360e-01; 
328; 21; 41; 4.4225531138398050e-01; 1.1732820216771600e-01; 1.8602534096163387e-01; 5.2837925455184176e-01; 3.0564891524521531e-01; 4.2999033092439520e-01; 
329; 21; 42; 2.6859087311415586e-01; 5.9741595782264345e-01; 4.8036861102181955e-01; 4.7857219219718572e-01; 6.6459415086221385e-01; 7.1674000133760329e-01; 
330; 21; 43; 2.2887953197075969e-01; 7.7601949502810619e-01; 6.1061206520843991e-01; 3.7965327268981952e-01; 7.5471298233178696e-01; 7.1674000133760318e-01; 
331; 21; 44; 3.6834910462783321e-01; 3.8238617104937517e-01; 3.6684049542552333e-01; 5.7190578499179556e-01; 5.7956376070635640e-01; 7.1674000133760318e-01; 
332; 21; 46; 6.8498747202523480e-01; 3.0933812739534422e-01; 5.6383691493577015e-01; 7.3976571126287749e-01; 4.2663709630832780e-01; 7.1674000133760329e-01; 
333; 21; 47; 3.0732373579691435e-01; 3.6483516166316737e-01; 2.9994936928164972e-01; 7.4797388019970001e-01; 4.1915914773413010e-01; 7.1674000133760329e-01; 
334; 21; 48; 4.5190900273234574e-01; 1.6285221342834658e-01; 2.3569834850292165e-01; 4.5646060071119732e-01; 6.8473863683692637e-01; 7.1674000133760329e-01; 
335; 22; 23; -1.3467982321164046e-01; 3.9541813704271156e-01; 1.8757820061827368e-01; 2.6597336800944482e-01; 1.2844071699999229e-01; 5.7660146622860120e-01; 
336; 22; 25; 1.4551547199325063e-01; 6.2051968074430985e-01; 4.5889093718011675e-01; 2.5418218904608364e-01; 7.6465429956420383e-01; 5.6400937659153527e-01; 
337; 22; 27; 1.1133314108184016e-01; 4.0043584226299567e-01; 4.2614267222821289e-01; 2.6665251538751422e-01; 4.9045075604890820e-01; 5.7660146622860120e-01; 
338; 22; 29; -7.2880848019488992e-02; 2.4315394741749593e-02; 2.4818354455504210e-01; 2.6607043622108506e-01; 1.8018157358132467e-01; 5.7660146622860120e-01; 
339; 22; 31; -2.9447196602872061e-01; -7.9305147493117636e-02; 3.3481798943121796e-02; -4.0256816399697012e-02; 7.0897104114914755e-01; 2.7857543048127564e-01; 
340; 22; 35; 1.7128862704073217e-01; 7.3501020595483468e-01; 4.8367642487354923e-01; 2.6699175208274939e-01; 6.7127614572799865e-01; 5.7660146622860120e-01; 
341; 22; 36; 9.7269212537791028e-02; -9.8790379736493628e-02; 4.1341228254238283e-01; 2.6574619616638584e-01; 7.3499340091172649e-03; 5.7660146622860131e-01; 
342; 22; 39; -3.2906959676071118e-01; 6.8539346922121203e-01; -1.4608363765962196e-03; -2.9125563437276419e-01; 7.6567756584888491e-01; 3.5063580233350176e-02; 
343; 22; 41; -2.2779383509036508e-01; -2.0736511998504809e-01; 9.8376583048174093e-02; 2.6628132875654881e-01; 2.9259489867638555e-01; 5.7660146622860120e-01; 
344; 22; 42; 1.6738296712835288e-01; 4.7131750176998455e-01; 4.8036861102181955e-01; 2.6670025348733273e-01; 5.1589688444089477e-01; 5.7660146622860120e-01; 
345; 22; 44; 6.3529706391736954e-02; -1.5705557625092462e-02; 3.8054189228703966e-01; 2.6612571385498784e-01; 2.0964654547679662e-01; 5.7660146622860120e-01; 
346; 22; 45; 1.9906090966272219e-01; 2.9120359431986770e-01; 5.1141630520968284e-01; 2.6630908918304036e-01; 3.0739220689362357e-01; 5.7660146622860120e-01; 
347; 22; 47; -1.9448958642270031e-02; 5.1962683169779950e-02; 2.9994936928164978e-01; 2.6588468588044112e-01; 8.1169944822612861e-02; 5.7660146622860120e-01; 
348; 22; 48; 2.3810134759685064e-01; 4.3892691784424970e-01; 5.4900741591488456e-01; 2.6662763338851575e-01; 4.7718775346669684e-01; 5.7660146622860120e-01; 
349; 23; 24; 3.9808001183874470e-01; 2.5871821518445220e-01; 3.8281349803915055e-01; 9.6130557441201658e-01; 3.6841120176144021e-01; 2.1418779575576180e-01; 
350; 23; 27; 5.9641416770441998e-02; 3.0466749221148104e-01; 3.1911265803468108e-01; 9.5927653097384213e-01; 1.2048712792830113e-01; 5.7996432357342131e-01; 
351; 23; 28; 4.9884007141841802e-01; 3.5752916042035998e-01; 2.3582529050507972e-01; 5.5366440469198142e-01; 3.8978463676482711e-01; 1.8757820061827371e-01; 
352; 23; 29; -2.9002797812844416e-01; 5.8443699503664501e-02; 6.8657814043961807e-01; 9.6078733145957285e-01; 3.0508830704769230e-01; 3.0761167429103758e-01; 
353; 23; 31; -3.4501238160469860e-01; 3.4790003548015636e-01; 2.6021916493003694e-01; -1.5424621773992114e-01; 3.9557827100555154e-01; 1.8757820061827368e-01; 
354; 23; 32; 3.1316265592923037e-01; 7.6322826350927922e-02; 6.5291906350081497e-01; 9.5781856928180242e-01; -5.7657802526382300e-02; 8.4279170093366951e-01; 
355; 23; 36; 2.2768120755788621e-01; -9.6115640114107503e-02; 9.0834240800497024e-01; 4.9775319898828418e-01; 2.3716116915206586e-01; 4.1341228254238283e-01; 
356; 23; 37; 2.4981709325425019e-01; -9.6296803132792874e-02; 9.0834240800497024e-01; 7.1633878176467769e-01; 1.1793823250282087e-01; 5.8665776211683029e-01; 
357; 23; 38; 2.3245479682865217e-01; 3.9241345871437439e-01; 1.8757820061827368e-01; 5.5006675736605448e-01; 7.4516882263414685e-02; 6.5272298628385006e-01; 
358; 23; 40; 9.5491846229297206e-01; 1.2033224579246518e-01; 5.8024543276999940e-01; 9.5935644090919803e-01; 1.3025113610105044e-01; 5.6555892537310293e-01; 
359; 23; 41; -2.8338946657605713e-01; 1.0110801755426682e-01; 6.2355710275709142e-01; 5.4269494351151870e-01; 2.7005361333109257e-01; 3.6434482011387737e-01; 
360; 23; 44; 1.0596375373100890e-01; -4.8412650821555159e-02; 8.3943776164175055e-01; 2.8210592078365049e-01; 2.7049462128825552e-01; 3.6684049542552333e-01; 
361; 23; 46; 6.1517664765005131e-01; 3.8928121242602942e-01; 1.8757820061827368e-01; 6.2575898312475697e-01; 3.1978066742102018e-01; 2.8998168342347208e-01; 
362; 23; 47; 2.5636827680526031e-01; 3.1604723960362080e-01; 2.9994936928164978e-01; 3.8495041440726074e-01; -9.7402752120823791e-02; 9.0834240800497035e-01; 
363; 23; 48; 2.8925933089448935e-01; 2.6520939676639094e-01; 3.7455119819674404e-01; 9.6105689271134143e-01; 3.3802536617056084e-01; 2.5901775222360562e-01; 
364; 24; 27; 3.9097529126098840e-01; 2.8224400032890545e-01; 4.5448384935098823e-01; 4.9890901683789396e-01; 3.5565689464315403e-01; 5.6843887957485695e-01; 
365; 24; 28; 5.1244432333394685e-01; 3.2786816337790325e-01; 4.7944527457947739e-01; 7.9963022636096426e-01; 4.4647384941628876e-01; 5.6843887957485695e-01; 
366; 24; 36; 6.1438951513356954e-01; 3.3500316131998020e-01; 4.1341228254238283e-01; 7.5291210677879628e-01; 4.2325832842189998e-01; 5.4301422678676903e-01; 
367; 24; 38; 3.9437508363195467e-01; 2.7098630426897646e-01; 4.2018773440210061e-01; 5.1121159050889009e-01; 3.5937223709752891e-01; 5.6843887957485695e-01; 
368; 24; 40; 9.2643254909780526e-01; 4.8476779225917521e-01; 5.6843887957485695e-01; 1.0084210587524176e+00; 4.3318494506490401e-01; 3.5530122333459374e-01; 
369; 24; 41; 3.8475588221867318e-01; 3.0283826286937365e-01; 5.1722343581837438e-01; 5.2024858652426709e-01; 3.2586544719280230e-01; 4.6727403116434041e-01; 
370; 24; 46; 6.3773166642809487e-01; 3.1766977067300539e-01; 3.4533987369181368e-01; 7.0516207537469688e-01; 4.1794473499423690e-01; 5.6843887957485695e-01; 
371; 24; 47; 3.8897041087762496e-01; 2.8888273926636765e-01; 4.7470849856009950e-01; 5.6630562678598850e-01; 3.7601048023568984e-01; 5.6843887957485695e-01; 
372; 24; 48; 4.0457470697568404e-01; 2.3721240074767744e-01; 3.1729690565055430e-01; 1.2804609219679106e+00; 5.0498115792006459e-01; 3.2638042100221321e-01; 
373; 25; 34; 1.6571861664685808e-01; 1.0369778187894483e+00; 8.9372904543905873e-01; 1.7584869928269853e-01; 8.1808468889092056e-01; 6.5591498944445692e-01; 
374; 25; 35; -1.5534189724728151e-01; 5.3563876288768719e-01; 5.0269906840152601e-01; 6.1056778077094265e-01; 8.9575888510670099e-01; 5.4468343329004743e-01; 
375; 25; 42; 3.8318957987303803e-01; 7.4019847908094838e-01; 4.8036861102181960e-01; 5.9828993586569035e-01; 9.2507887975319680e-01; 5.8141185446563304e-01; 
376; 25; 43; 6.3724985524819144e-02; 7.5617109199962584e-01; 6.3996933380213605e-01; 2.0341676009702930e-01; 7.7738110775237534e-01; 6.0023007583832555e-01; 
377; 25; 45; -3.2536889936294805e-02; 5.9524293753794966e-01; 5.1141630520968284e-01; 1.1416036361472631e-01; 1.0153876295023598e+00; 8.9372904543905873e-01; 
378; 25; 49; -2.0233605067727894e-01; 6.1766318414696797e-01; 6.1109299273478923e-01; 7.4453387920032088e-02; 9.6663104851175197e-01; 8.5948627925244636e-01; 
379; 26; 30; -8.9771211402724843e-02; 6.3586138519894131e-01; 8.8584015762536550e-01; 2.6660392611175054e-01; 6.4816414321256044e-01; 8.4892503301492628e-01; 
380; 26; 34; -3.4240453001660076e-01; 5.3128898357564158e-01; 1.0904477944287811e+00; -1.7655191567887640e-02; 6.8497488850785693e-01; 7.9157377941339757e-01; 
381; 26; 42; 5.3497094611557805e-01; 6.7330323943089687e-01; 7.9157377941339757e-01; 5.5837720776013011e-01; 6.1700152003647968e-01; 8.9546616006521451e-01; 
382; 26; 45; 2.4536561063771309e-01; 6.7941980109170097e-01; 7.9157377941339757e-01; 5.5741929866998874e-01; 5.7164669508875954e-01; 9.7993748547207771e-01; 
383; 26; 49; -9.2289602595001130e-02; 6.8655119226038230e-01; 7.9157377941339757e-01; -8.1762702522952868e-02; 6.4984862912611541e-01; 8.5948627925244647e-01; 
384; 27; 28; 5.1613165276201611e-01; 3.1982877481470839e-01; 5.4547662581591616e-01; 7.0271684961964609e-01; 3.8433624633397528e-01; 6.8846529129663980e-01; 
385; 27; 29; 2.6473223509613214e-01; 1.1201203824593355e-01; 2.4818354455504210e-01; 7.8730902164863226e-01; 3.3867695249553487e-01; 6.8846529129663980e-01; 
386; 27; 32; 7.5585769912232681e-01; 3.1458065314247247e-01; 6.5291906350081497e-01; 8.7748449971339249e-01; 2.9000402506946199e-01; 6.8846529129663991e-01; 
387; 27; 35; 2.0758097422959576e-01; 5.7875251285936691e-01; 6.2542809141531230e-01; 3.4767530376747319e-01; 5.7597272850591508e-01; 6.8846529129663991e-01; 
388; 27; 36; 4.5422558220605996e-01; 2.0064742385347928e-01; 4.1341228254238283e-01; 7.2777733212110296e-01; 3.7080965271636451e-01; 6.8846529129663980e-01; 
389; 27; 37; 8.2109735173118281e-01; 2.0280446239088434e-01; 5.8665776211683029e-01; 8.6986261976089685e-01; 2.9411799505043212e-01; 6.8846529129663980e-01; 
390; 27; 38; 1.6375722635429030e-01; 3.5047820592119194e-02; 1.3440567176761081e-01; 5.7770896152759166e-01; 4.1051128288815186e-01; 6.5272298628385006e-01; 
391; 27; 40; 9.0155537234562955e-01; 2.7701158120495889e-01; 6.8846529129663980e-01; 9.5565609601890289e-01; 1.2039857503585340e-01; 5.7819645313224022e-01; 
392; 27; 41; 2.2983708971016442e-01; -6.1930823791003786e-04; 1.3440567176761081e-01; 4.9082549745374615e-01; 3.9902460437072912e-01; 6.0219549509794190e-01; 
393; 27; 42; 1.4583454751804359e-01; 4.4446957505153240e-01; 4.8036861102181955e-01; 3.7635219007014942e-01; 5.6049415233675393e-01; 6.8846529129663980e-01; 
394; 27; 44; 2.6536464969950130e-01; 2.4877456547537133e-01; 3.6684049542552333e-01; 5.0112860546835858e-01; 4.9314509534810091e-01; 6.8846529129663991e-01; 
395; 27; 46; 6.9692460547850876e-01; 3.0723349842047531e-01; 6.1903073308184009e-01; 7.2397902237961642e-01; 3.7285982043775279e-01; 6.8846529129663980e-01; 
396; 27; 47; 1.6305726041759613e-01; 2.2670547554328568e-01; 2.9994936928164978e-01; 6.9174489022566399e-01; 3.9025844818713973e-01; 6.8846529129663980e-01; 
397; 27; 48; 2.7042531702428740e-01; 3.2916418916784412e-01; 4.3877794468770848e-01; 2.9237626300017183e-01; 6.0582082308507923e-01; 6.8846529129663980e-01; 
398; 28; 38; 5.1821734272930609e-01; 3.1528139916072945e-01; 5.8282640144270659e-01; 5.7101943751457807e-01; 3.2919929350834864e-01; 6.5272298628385006e-01; 
399; 28; 40; 8.7110217122718792e-01; 4.5572724718123964e-01; 7.2809697927517969e-01; 9.9629084615996599e-01; 5.6808251744535254e-01; 3.5530122333459374e-01; 
400; 28; 41; 5.1226213362872308e-01; 3.2826538685930912e-01; 4.7618268775289302e-01; 5.1821155465387003e-01; 3.3093043321196697e-01; 4.7661497158615146e-01; 
401; 28; 46; 5.9535121165877303e-01; 4.2632126593692954e-01; 6.9389889643447777e-02; 7.3615002620195624e-01; 3.9410274896984288e-01; 7.2624865775325165e-01; 
402; 28; 47; 5.1837517979523007e-01; 3.1493727110616032e-01; 5.8565289008210331e-01; 7.2814733402691167e-01; 3.9015987548998488e-01; 7.2809697927517969e-01; 
403; 28; 48; 5.0710981514326625e-01; 3.3949885300708671e-01; 3.8391684651685704e-01; 1.2996788300428670e+00; 6.8742164875696399e-01; 4.8974548263136525e-01; 
404; 29; 32; 7.8669329375874741e-01; 3.3117632521710649e-01; 6.5291906350081497e-01; 1.0607931888686923e+00; 4.0812855488026806e-01; 6.8077929729723097e-01; 
405; 29; 33; 5.8367394440803466e-01; 3.0578317149826445e-01; 7.8531929621846919e-01; 5.8463104772362995e-01; 2.9740010343660728e-01; 7.4352162894876683e-01; 
406; 29; 35; 3.5436150459709256e-02; 1.8114141055635061e-01; 8.7134702809382547e-01; 1.1286931788561458e-01; 2.0433255075375006e-01; 8.8624936661939779e-01; 
407; 29; 36; 4.4508739838265593e-01; 1.9298173155773879e-01; 4.1341228254238283e-01; 7.8928469693159231e-01; 3.7989898106924425e-01; 8.8559196589438738e-01; 
408; 29; 37; 7.4412640514952699e-01; 4.1979920613163052e-01; 1.1356043040752386e+00; 8.9549722986102576e-01; 4.0222167007426191e-01; 8.6008953445437131e-01; 
409; 29; 38; 2.5394609857345107e-01; 1.0921028672407951e-01; 2.4818354455504210e-01; 5.6647264304293576e-01; 2.7393244596118183e-01; 6.5272298628385006e-01; 
410; 29; 40; 7.1761447787499089e-01; 4.1802750040458431e-01; 1.1603724531918205e+00; 1.0177242255031083e+00; 3.2972636175041226e-01; 3.5530122333459374e-01; 
411; 29; 41; -2.8040747160063206e-01; 2.1406833094590981e-02; 4.9513153676619670e-01; 4.5377260796847918e-01; 1.6111619628001883e-01; 2.4818354455504210e-01; 
412; 29; 42; 2.3265104652206892e-01; 2.3209603510139570e-01; 8.7002552148882240e-01; 4.2744093791986487e-01; 3.2124090845573350e-01; 1.0566850206680658e+00; 
413; 29; 44; 1.5733664793150928e-01; 1.0861948310670339e-01; 3.6684049542552333e-01; 4.4209936780459003e-01; 3.3599965705624657e-01; 1.1097143854893323e+00; 
414; 29; 46; 7.0150674043121786e-01; 3.0642562490327113e-01; 6.4021718662117111e-01; 7.2489524505009617e-01; 3.3026735270694052e-01; 7.2624865775325165e-01; 
415; 29; 47; -2.3860378718700198e-02; 4.7738915528003911e-02; 2.9994936928164978e-01; 1.0454848264314918e+00; 4.6706243459743291e-01; 9.8541336078768427e-01; 
416; 30; 34; -1.0238725758926670e-01; 6.9019416446494997e-01; 9.1584612585036662e-01; 1.3076114875358866e-01; 1.2910572208651523e+00; 1.2023360017799849e+00; 
417; 30; 40; 6.3445501521976777e-01; 1.3327145793726103e+00; 1.1628779934240858e+00; 7.9883517996009812e-01; 7.7174799390419291e-01; 8.4892503301492628e-01; 
418; 30; 42; 6.1818215110906305e-01; 7.2980044425713864e-01; 8.4892503301492628e-01; 8.7039809019245529e-01; 9.6702936925985361e-01; 9.4254699515752394e-01; 
419; 30; 43; 6.8720749523014268e-02; 6.8211411784250875e-01; 8.9079256062279111e-01; 6.2909217847129928e-01; 7.3233374755871528e-01; 8.4892503301492628e-01; 
420; 30; 44; 7.2659169282289893e-01; 7.5497308964359044e-01; 8.4892503301492628e-01; 7.9493062247789181e-01; 8.3700522291183010e-01; 8.8359555167154635e-01; 
421; 30; 45; 3.0092584778132514e-01; 9.1998794413062490e-01; 9.8718727345325186e-01; 3.2828088654888343e-01; 6.6248550486628299e-01; 8.4892503301492628e-01; 
422; 31; 38; 2.9480664879482386e-02; 8.1083333879513053e-02; -5.2406984008583402e-02; 1.9975158795677533e-01; 6.2185145050535873e-01; 1.1778720690624873e-01; 
423; 32; 33; 8.2107138232680921e-01; 1.2018889161428373e-01; 7.4352162894876683e-01; 1.3412834353668663e+00; -2.2447972308024400e-01; 9.9013198133375324e-01; 
424; 32; 36; 2.2186141144658589e-01; -5.2722661600662593e-02; 6.8446647722652898e-01; 4.6500428767002044e-01; 1.5804377116679891e-01; 6.5291906350081497e-01; 
425; 32; 37; 2.7905880867477162e-01; -1.5899830667576900e-01; 7.3857747567175835e-01; 9.4045798639427125e-01; 3.4672227337374373e-01; 6.7945357839054032e-01; 
426; 32; 40; 8.9005364715362001e-01; 1.1449949444249012e-01; 7.6042521679468966e-01; 9.0391203850859192e-01; 3.9426328273505823e-01; 6.5291906350081497e-01; 
427; 32; 47; 2.2357143006429636e-01; -5.5899962325774419e-02; 6.8608422242558220e-01; 3.5417051328431115e-01; 9.8393195389456997e-02; 6.5291906350081497e-01; 
428; 33; 36; 6.2148833134732984e-01; 2.6977569702389903e-01; 7.4352162894876694e-01; 7.0915292718916501e-01; 2.6806917128466179e-01; 1.0924721880199160e+00; 
429; 33; 37; 6.3510416484693610e-01; 3.3147892349136876e-01; 1.1356043040752386e+00; 7.1692991522952898e-01; 1.9824256048696984e-01; 7.4352162894876672e-01; 
430; 33; 40; 7.3046492062694401e-01; 2.6500838171174029e-01; 1.1628779934240860e+00; 8.5823988101899329e-01; 1.1163874802749019e-01; 8.4879666283726751e-01; 
431; 33; 47; 6.1875909138857166e-01; 2.7182125291966935e-01; 7.4352162894876683e-01; 7.8749481611069927e-01; 1.9493880453305626e-01; 1.0138825726727001e+00; 
432; 34; 43; 6.5374251822634788e-02; 7.3172244477776660e-01; 7.2277434517859962e-01; 1.3063807825079388e-01; 7.5595547181713085e-01; 6.5591498944445692e-01; 
433; 34; 45; 7.7292127129005503e-02; 6.8264654348114406e-01; 6.5591498944445692e-01; 1.5418741653025389e-01; 1.1126247323024965e+00; 9.8718727345325208e-01; 
434; 34; 49; -1.2595486893855493e-01; 5.7999704845111943e-01; 8.3636495358900975e-01; -6.1088533314535620e-02; 6.9177269291531096e-01; 8.5948627925244658e-01; 
435; 35; 40; 8.0291931685053464e-01; 5.7569326968993273e-01; 8.8624936661939768e-01; 8.1165676809387199e-01; 6.2558215342330314e-01; 8.4981198697757632e-01; 
436; 35; 42; 3.0335901586918579e-01; 3.0684742837019297e-01; 8.8624936661939779e-01; 5.4082623557711207e-01; 9.3388239229767389e-01; 4.8367642487354923e-01; 
437; 35; 43; 5.6377096310277430e-01; 8.0169002091638131e-01; 6.0023007583832555e-01; 7.2381607555539551e-01; 7.8880477419184458e-01; 6.8007394598450177e-01; 
438; 35; 44; 4.4575666548009563e-01; 3.8348085147526045e-01; 8.8624936661939779e-01; 7.2566139472276658e-01; 7.8537586417362282e-01; 6.8363972912469428e-01; 
439; 35; 45; -3.0200130319970070e-02; 5.9217526219631866e-01; 5.1141630520968284e-01; 4.9545983493580370e-01; 4.5062626325718114e-01; 8.5367434587487878e-01; 
440; 35; 48; 2.0734970725224131e-01; 5.4335047767581912e-01; 6.5387501462252851e-01; 7.3913529500075481e-01; 7.6033911580800728e-01; 7.0967587901866280e-01; 
441; 36; 37; 1.8962315139506269e-01; -1.3310656518744626e-01; 9.3183325189646915e-01; 7.9675231761543952e-01; 3.7099691614154434e-01; 9.5592626432182615e-01; 
442; 36; 38; 3.7834409389129126e-01; 1.3699318449860060e-01; 4.1341228254238283e-01; 5.6375723549764833e-01; 2.4092633236405281e-01; 6.5272298628385006e-01; 
443; 36; 40; 7.5247303821842493e-01; 3.0440884750315983e-01; 1.0924721880199160e+00; 7.9658694423168841e-01; 3.7119405585468634e-01; 9.5436868374601125e-01; 
444; 36; 46; 6.6318459953553310e-01; 3.7593559491932982e-01; 4.1341228254238283e-01; 7.3109789203042530e-01; 3.6544781712696744e-01; 7.2624865775325165e-01; 
445; 36; 47; -6.7471233543267423e-03; -2.3462335976241125e-01; 6.3869077433169341e-01; 7.7789887263896662e-01; 3.9347189155833440e-01; 7.7835379760175993e-01; 
446; 37; 38; 4.8970914788389674e-01; -6.5657272996380883e-02; 5.8665776211683029e-01; 5.4498450631441209e-01; 1.2741493949878668e-02; 6.5272298628385017e-01; 
447; 37; 40; 7.2764446238510372e-01; 4.0644697782138661e-01; 1.1356043040752386e+00; 9.3675038011626643e-01; 2.9649642952366811e-01; 5.8665776211683029e-01; 
448; 37; 47; 2.1961923941343917e-01; -1.7013362871482599e-01; 8.1131988746124817e-01; 8.8995933179166831e-01; 4.0905763160019937e-01; 8.8233879335202237e-01; 
449; 38; 39; 6.7038803879917772e-02; 5.3760714537754850e-01; -5.2406984008583402e-02; 1.0541424306553740e-01; 6.2961256837724078e-01; -1.0723515200866243e-02; 
450; 38; 41; 1.2899169431601570e-01; -6.3873412101291716e-02; 9.8376583048174093e-02; 5.0140476970498604e-01; 3.7271973068457437e-01; 5.5368356298679278e-01; 
451; 38; 44; 3.6360755849373205e-01; 3.7623450872012998e-01; 3.6684049542552333e-01; 5.6661487473476513e-01; 5.9166966814936084e-01; 6.1754545166906050e-01; 
452; 38; 47; 3.1373919587409066e-01; 3.7097772170315596e-01; 2.9994936928164978e-01; 5.6896467458843547e-01; 3.0422339673250942e-01; 6.5272298628385006e-01; 
453; 38; 48; 3.0792239744579664e-01; 2.0183509136929276e-01; 3.1090740710708842e-01; 5.5679921248340281e-01; 5.9247720107082724e-01; 6.0417409968394342e-01; 
454; 40; 42; 7.3004440492607092e-01; 6.9826511040905614e-01; 1.0566850206680658e+00; 8.0318832345167213e-01; 1.0209726130279480e+00; 7.7517747450363061e-01; 
455; 40; 43; 6.9640726379375373e-01; 6.4375650279765573e-01; 1.1628779934240860e+00; 8.8445174979033869e-01; 8.2332262942193235e-01; 6.0023007583832555e-01; 
456; 40; 44; 7.1189904556934969e-01; 6.8603664229430850e-01; 1.1097143854893323e+00; 7.9193478243109039e-01; 8.3931434084321699e-01; 8.5119754325785735e-01; 
457; 40; 46; 8.2963496402791903e-01; 9.2433500939428548e-01; 7.2624865775325154e-01; 8.5803925095315070e-01; 1.3031546748972593e+00; 5.5411747254685695e-01; 
458; 40; 47; 7.9057282978163823e-01; 1.9788588604400065e-01; 1.0138825726727001e+00; 8.9667049079151595e-01; 6.5780947857357019e-01; 6.0757201842069974e-01; 
459; 40; 48; 8.3430130878361131e-01; 8.2028330476251665e-01; 7.3917235169736406e-01; 1.0064080390819630e+00; 4.5557131831506492e-01; 3.5530122333459369e-01; 
460; 41; 44; 1.6629892298966681e-01; 1.2024710167253065e-01; 3.6684049542552333e-01; 4.0178559619068516e-01; 3.7667115521665850e-01; 6.2355710275709164e-01; 
461; 41; 45; 2.5704610278013118e-01; 2.6901787278701217e-01; 5.4507022386741621e-01; 3.0156455074605870e-01; 3.3636433839964269e-01; 6.2355710275709164e-01; 
462; 41; 47; -1.0689437228870452e-01; -3.1762988424029630e-02; 2.9994936928164984e-01; 5.0752598369747171e-01; 3.5749961373755190e-01; 5.2561434323432044e-01; 
463; 41; 48; 5.4802268850377156e-01; 1.9115668324152876e-01; 2.3569834850292165e-01; 5.6962754079490474e-01; 2.0308694939099786e-01; 2.4084366616300651e-01; 
464; 42; 43; 5.0869973798539581e-01; 7.9797500491810136e-01; 6.0023007583832555e-01; 7.1244308206114260e-01; 6.7633500903868349e-01; 1.0566850206680658e+00; 
465; 42; 44; 3.1313144200245624e-01; 1.7881872506064464e-01; 1.0566850206680660e+00; 8.0721239306367920e-01; 8.2753874397911842e-01; 1.0164146944018677e+00; 
466; 42; 45; 1.2322549860154916e-01; 3.9075958583460824e-01; 5.1141630520968284e-01; 5.7418929845899425e-01; 5.6125033862058582e-01; 9.8718727345325208e-01; 
467; 42; 48; 2.2950219446984726e-01; 4.6812712215841973e-01; 5.7833178785871331e-01; 5.5149710129619467e-01; 7.3700043937636539e-01; 7.3917235169736406e-01; 
468; 43; 44; 6.9119327530599650e-01; 6.5917306165528555e-01; 1.1097143854893323e+00; 7.3483541419653886e-01; 8.1322975280351129e-01; 6.0023007583832555e-01; 
469; 43; 45; 6.4589762702396761e-02; 7.4335167516675160e-01; 6.8338735800008443e-01; 4.8263241120680650e-01; 6.8144533147217290e-01; 9.8718727345325197e-01; 
470; 43; 46; 7.8251100019473485e-01; 8.1644587091842813e-01; 6.0023007583832555e-01; 8.0428210945506340e-01; 7.8053749825507390e-01; 7.2624865775325165e-01; 
471; 43; 48; 6.5126947756204112e-01; 7.6638235506860153e-01; 7.3917235169736406e-01; 9.5082708037595354e-01; 8.0122052522236664e-01; 6.8984485786264782e-01; 
472; 44; 45; 4.8307220620988373e-01; 4.4119015697959724e-01; 8.3763972718009327e-01; 5.8585330904350841e-01; 5.4593793874656094e-01; 9.8718727345325197e-01; 
473; 44; 46; 7.3863727010272373e-01; 8.6279650432329114e-01; 3.6684049542552333e-01; 7.5229073220025244e-01; 8.6987097465234320e-01; 4.2247362847385955e-01; 
474; 44; 47; 7.3266811741923482e-02; -2.3210672789009099e-02; 4.8584218073105301e-01; 3.1505904266570556e-01; 3.1324786522590864e-01; 3.6684049542552333e-01; 
475; 44; 48; 2.8681017406333065e-01; 2.7352601571840179e-01; 3.8290318179384214e-01; 7.3915655388352741e-01; 7.9226417490252465e-01; 7.3917235169736406e-01; 
476; 45; 48; 1.9708749832287703e-01; 5.7819793218981519e-01; 6.8887065049101381e-01; 2.1337915215150705e-01; 6.3742825870252762e-01; 7.3917235169736417e-01; 
477; 45; 49; -1.6782471255549192e-01; 7.7284747784775165e-01; 5.1141630520968284e-01; 8.8224140718271796e-02; 9.9455603610949272e-01; 8.5948627925244647e-01; 
478; 46; 47; 7.0266223138697970e-01; 7.4335679784636099e-01; 2.9994936928164978e-01; 7.3728474451527937e-01; 4.0053869758584848e-01; 7.2624865775325176e-01; 
479; 46; 48; 6.3434290240951718e-01; 3.1826724166303910e-01; 3.2967121875774136e-01; 8.0742871952156203e-01; 7.9838458899540188e-01; 7.2624865775325165e-01; 
480; 47; 48; 2.8701281826527414e-01; 2.7283789538696451e-01; 3.8221213537772564e-01; 8.8654373061074510e-01; 6.6838614778444139e-01; 5.8458542523719914e-01; 
